0.5	26	1.04E+02	8.24E+01
0.4	26	8.33E+01	8.24E+01
0.3	26	6.25E+01	8.24E+01
0.2	26	4.17E+01	8.24E+01
0.1	26	2.08E+01	8.24E+01
0	26	1.45E-14	8.24E+01
-0.1	26	-2.08E+01	8.24E+01
-0.2	26	-4.17E+01	8.24E+01
-0.3	26	-6.25E+01	8.24E+01
-0.4	26	-8.33E+01	8.24E+01
-0.5	26	-1.04E+02	8.24E+01
0.5	25.9	1.04E+02	1.15E+02
0.4	25.9	8.33E+01	1.15E+02
0.3	25.9	6.25E+01	1.15E+02
0.2	25.9	4.17E+01	1.15E+02
0.1	25.9	2.08E+01	1.15E+02
0	25.9	6.38E-15	1.15E+02
-0.1	25.9	-2.08E+01	1.15E+02
-0.2	25.9	-4.17E+01	1.15E+02
-0.3	25.9	-6.25E+01	1.15E+02
-0.4	25.9	-8.33E+01	1.15E+02
-0.5	25.9	-1.04E+02	1.15E+02
0.5	25.8	1.04E+02	1.47E+02
0.4	25.8	8.33E+01	1.47E+02
0.3	25.8	6.25E+01	1.47E+02
0.2	25.8	4.17E+01	1.47E+02
0.1	25.8	2.08E+01	1.47E+02
0	25.8	6.38E-15	1.47E+02
-0.1	25.8	-2.08E+01	1.47E+02
-0.2	25.8	-4.17E+01	1.47E+02
-0.3	25.8	-6.25E+01	1.47E+02
-0.4	25.8	-8.33E+01	1.47E+02
-0.5	25.8	-1.04E+02	1.47E+02
0.5	25.7	1.04E+02	1.79E+02
0.4	25.7	8.33E+01	1.79E+02
0.3	25.7	6.25E+01	1.79E+02
0.2	25.7	4.17E+01	1.79E+02
0.1	25.7	2.08E+01	1.79E+02
0	25.7	6.38E-15	1.79E+02
-0.1	25.7	-2.08E+01	1.79E+02
-0.2	25.7	-4.17E+01	1.79E+02
-0.3	25.7	-6.25E+01	1.79E+02
-0.4	25.7	-8.33E+01	1.79E+02
-0.5	25.7	-1.04E+02	1.79E+02
0.5	25.6	1.04E+02	2.12E+02
0.4	25.6	8.33E+01	2.12E+02
0.3	25.6	6.25E+01	2.12E+02
0.2	25.6	4.17E+01	2.12E+02
0.1	25.6	2.08E+01	2.12E+02
0	25.6	6.38E-15	2.12E+02
-0.1	25.6	-2.08E+01	2.12E+02
-0.2	25.6	-4.17E+01	2.12E+02
-0.3	25.6	-6.25E+01	2.12E+02
-0.4	25.6	-8.33E+01	2.12E+02
-0.5	25.6	-1.04E+02	2.12E+02
0.5	25.5	1.04E+02	2.44E+02
0.4	25.5	8.33E+01	2.44E+02
0.3	25.5	6.25E+01	2.44E+02
0.2	25.5	4.17E+01	2.44E+02
0.1	25.5	2.08E+01	2.44E+02
0	25.5	6.38E-15	2.44E+02
-0.1	25.5	-2.08E+01	2.44E+02
-0.2	25.5	-4.17E+01	2.44E+02
-0.3	25.5	-6.25E+01	2.44E+02
-0.4	25.5	-8.33E+01	2.44E+02
-0.5	25.5	-1.04E+02	2.44E+02
0.5	25.4	1.04E+02	2.76E+02
0.4	25.4	8.33E+01	2.76E+02
0.3	25.4	6.25E+01	2.76E+02
0.2	25.4	4.17E+01	2.76E+02
0.1	25.4	2.08E+01	2.76E+02
0	25.4	6.38E-15	2.76E+02
-0.1	25.4	-2.08E+01	2.76E+02
-0.2	25.4	-4.17E+01	2.76E+02
-0.3	25.4	-6.25E+01	2.76E+02
-0.4	25.4	-8.33E+01	2.76E+02
-0.5	25.4	-1.04E+02	2.76E+02
0.5	25.3	1.04E+02	3.09E+02
0.4	25.3	8.33E+01	3.09E+02
0.3	25.3	6.25E+01	3.09E+02
0.2	25.3	4.17E+01	3.09E+02
0.1	25.3	2.08E+01	3.09E+02
0	25.3	6.38E-15	3.09E+02
-0.1	25.3	-2.08E+01	3.09E+02
-0.2	25.3	-4.17E+01	3.09E+02
-0.3	25.3	-6.25E+01	3.09E+02
-0.4	25.3	-8.33E+01	3.09E+02
-0.5	25.3	-1.04E+02	3.09E+02
0.5	25.2	1.04E+02	3.41E+02
0.4	25.2	8.33E+01	3.41E+02
0.3	25.2	6.25E+01	3.41E+02
0.2	25.2	4.17E+01	3.41E+02
0.1	25.2	2.08E+01	3.41E+02
0	25.2	6.38E-15	3.41E+02
-0.1	25.2	-2.08E+01	3.41E+02
-0.2	25.2	-4.17E+01	3.41E+02
-0.3	25.2	-6.25E+01	3.41E+02
-0.4	25.2	-8.33E+01	3.41E+02
-0.5	25.2	-1.04E+02	3.41E+02
0.5	25.1	1.04E+02	3.74E+02
0.4	25.1	8.33E+01	3.74E+02
0.3	25.1	6.25E+01	3.74E+02
0.2	25.1	4.17E+01	3.74E+02
0.1	25.1	2.08E+01	3.74E+02
0	25.1	6.38E-15	3.74E+02
-0.1	25.1	-2.08E+01	3.74E+02
-0.2	25.1	-4.17E+01	3.74E+02
-0.3	25.1	-6.25E+01	3.74E+02
-0.4	25.1	-8.33E+01	3.74E+02
-0.5	25.1	-1.04E+02	3.74E+02
0.5	25	1.04E+02	4.06E+02
0.4	25	8.33E+01	4.06E+02
0.3	25	6.25E+01	4.06E+02
0.2	25	4.17E+01	4.06E+02
0.1	25	2.08E+01	4.06E+02
0	25	6.38E-15	4.06E+02
-0.1	25	-2.08E+01	4.06E+02
-0.2	25	-4.17E+01	4.06E+02
-0.3	25	-6.25E+01	4.06E+02
-0.4	25	-8.33E+01	4.06E+02
-0.5	25	-1.04E+02	4.06E+02
0.5	24.9	1.04E+02	4.38E+02
0.4	24.9	8.33E+01	4.38E+02
0.3	24.9	6.25E+01	4.38E+02
0.2	24.9	4.17E+01	4.38E+02
0.1	24.9	2.08E+01	4.38E+02
0	24.9	6.38E-15	4.38E+02
-0.1	24.9	-2.08E+01	4.38E+02
-0.2	24.9	-4.17E+01	4.38E+02
-0.3	24.9	-6.25E+01	4.38E+02
-0.4	24.9	-8.33E+01	4.38E+02
-0.5	24.9	-1.04E+02	4.38E+02
0.5	24.8	1.04E+02	4.71E+02
0.4	24.8	8.33E+01	4.71E+02
0.3	24.8	6.25E+01	4.71E+02
0.2	24.8	4.17E+01	4.71E+02
0.1	24.8	2.08E+01	4.71E+02
0	24.8	6.38E-15	4.71E+02
-0.1	24.8	-2.08E+01	4.71E+02
-0.2	24.8	-4.17E+01	4.71E+02
-0.3	24.8	-6.25E+01	4.71E+02
-0.4	24.8	-8.33E+01	4.71E+02
-0.5	24.8	-1.04E+02	4.71E+02
0.5	24.7	1.03E+02	5.00E+02
0.4	24.7	8.28E+01	5.00E+02
0.3	24.7	6.21E+01	5.00E+02
0.2	24.7	4.14E+01	5.00E+02
0.1	24.7	2.07E+01	5.00E+02
0	24.7	6.33E-15	5.00E+02
-0.1	24.7	-2.07E+01	5.00E+02
-0.2	24.7	-4.14E+01	5.00E+02
-0.3	24.7	-6.21E+01	5.00E+02
-0.4	24.7	-8.28E+01	5.00E+02
-0.5	24.7	-1.03E+02	5.00E+02
0.5	24.6	9.54E+01	5.00E+02
0.4	24.6	7.64E+01	5.00E+02
0.3	24.6	5.73E+01	5.00E+02
0.2	24.6	3.82E+01	5.00E+02
0.1	24.6	1.91E+01	5.00E+02
0	24.6	5.84E-15	5.00E+02
-0.1	24.6	-1.91E+01	5.00E+02
-0.2	24.6	-3.82E+01	5.00E+02
-0.3	24.6	-5.73E+01	5.00E+02
-0.4	24.6	-7.64E+01	5.00E+02
-0.5	24.6	-9.54E+01	5.00E+02
0.5	24.5	8.74E+01	5.00E+02
0.4	24.5	6.99E+01	5.00E+02
0.3	24.5	5.25E+01	5.00E+02
0.2	24.5	3.50E+01	5.00E+02
0.1	24.5	1.75E+01	5.00E+02
0	24.5	5.35E-15	5.00E+02
-0.1	24.5	-1.75E+01	5.00E+02
-0.2	24.5	-3.50E+01	5.00E+02
-0.3	24.5	-5.25E+01	5.00E+02
-0.4	24.5	-6.99E+01	5.00E+02
-0.5	24.5	-8.74E+01	5.00E+02
0.5	24.4	7.94E+01	5.00E+02
0.4	24.4	6.35E+01	5.00E+02
0.3	24.4	4.77E+01	5.00E+02
0.2	24.4	3.18E+01	5.00E+02
0.1	24.4	1.59E+01	5.00E+02
0	24.4	4.86E-15	5.00E+02
-0.1	24.4	-1.59E+01	5.00E+02
-0.2	24.4	-3.18E+01	5.00E+02
-0.3	24.4	-4.77E+01	5.00E+02
-0.4	24.4	-6.35E+01	5.00E+02
-0.5	24.4	-7.94E+01	5.00E+02
0.5	24.3	7.14E+01	5.00E+02
0.4	24.3	5.71E+01	5.00E+02
0.3	24.3	4.29E+01	5.00E+02
0.2	24.3	2.86E+01	5.00E+02
0.1	24.3	1.43E+01	5.00E+02
0	24.3	4.37E-15	5.00E+02
-0.1	24.3	-1.43E+01	5.00E+02
-0.2	24.3	-2.86E+01	5.00E+02
-0.3	24.3	-4.29E+01	5.00E+02
-0.4	24.3	-5.71E+01	5.00E+02
-0.5	24.3	-7.14E+01	5.00E+02
0.5	24.2	6.34E+01	5.00E+02
0.4	24.2	5.07E+01	5.00E+02
0.3	24.2	3.80E+01	5.00E+02
0.2	24.2	2.54E+01	5.00E+02
0.1	24.2	1.27E+01	5.00E+02
0	24.2	3.88E-15	5.00E+02
-0.1	24.2	-1.27E+01	5.00E+02
-0.2	24.2	-2.54E+01	5.00E+02
-0.3	24.2	-3.80E+01	5.00E+02
-0.4	24.2	-5.07E+01	5.00E+02
-0.5	24.2	-6.34E+01	5.00E+02
0.5	24.1	5.54E+01	5.00E+02
0.4	24.1	4.43E+01	5.00E+02
0.3	24.1	3.32E+01	5.00E+02
0.2	24.1	2.22E+01	5.00E+02
0.1	24.1	1.11E+01	5.00E+02
0	24.1	3.39E-15	5.00E+02
-0.1	24.1	-1.11E+01	5.00E+02
-0.2	24.1	-2.22E+01	5.00E+02
-0.3	24.1	-3.32E+01	5.00E+02
-0.4	24.1	-4.43E+01	5.00E+02
-0.5	24.1	-5.54E+01	5.00E+02
0.5	24	4.74E+01	5.00E+02
0.4	24	3.79E+01	5.00E+02
0.3	24	2.84E+01	5.00E+02
0.2	24	1.90E+01	5.00E+02
0.1	24	9.48E+00	5.00E+02
0	24	2.90E-15	5.00E+02
-0.1	24	-9.48E+00	5.00E+02
-0.2	24	-1.90E+01	5.00E+02
-0.3	24	-2.84E+01	5.00E+02
-0.4	24	-3.79E+01	5.00E+02
-0.5	24	-4.74E+01	5.00E+02
0.5	23.9	3.94E+01	5.00E+02
0.4	23.9	3.15E+01	5.00E+02
0.3	23.9	2.36E+01	5.00E+02
0.2	23.9	1.58E+01	5.00E+02
0.1	23.9	7.88E+00	5.00E+02
0	23.9	2.41E-15	5.00E+02
-0.1	23.9	-7.88E+00	5.00E+02
-0.2	23.9	-1.58E+01	5.00E+02
-0.3	23.9	-2.36E+01	5.00E+02
-0.4	23.9	-3.15E+01	5.00E+02
-0.5	23.9	-3.94E+01	5.00E+02
0.5	23.8	3.14E+01	5.00E+02
0.4	23.8	2.51E+01	5.00E+02
0.3	23.8	1.88E+01	5.00E+02
0.2	23.8	1.26E+01	5.00E+02
0.1	23.8	6.28E+00	5.00E+02
0	23.8	1.92E-15	5.00E+02
-0.1	23.8	-6.28E+00	5.00E+02
-0.2	23.8	-1.26E+01	5.00E+02
-0.3	23.8	-1.88E+01	5.00E+02
-0.4	23.8	-2.51E+01	5.00E+02
-0.5	23.8	-3.14E+01	5.00E+02
0.5	23.7	2.34E+01	5.00E+02
0.4	23.7	1.87E+01	5.00E+02
0.3	23.7	1.40E+01	5.00E+02
0.2	23.7	9.35E+00	5.00E+02
0.1	23.7	4.68E+00	5.00E+02
0	23.7	1.43E-15	5.00E+02
-0.1	23.7	-4.68E+00	5.00E+02
-0.2	23.7	-9.35E+00	5.00E+02
-0.3	23.7	-1.40E+01	5.00E+02
-0.4	23.7	-1.87E+01	5.00E+02
-0.5	23.7	-2.34E+01	5.00E+02
0.5	23.6	1.54E+01	5.00E+02
0.4	23.6	1.23E+01	5.00E+02
0.3	23.6	9.22E+00	5.00E+02
0.2	23.6	6.15E+00	5.00E+02
0.1	23.6	3.07E+00	5.00E+02
0	23.6	9.41E-16	5.00E+02
-0.1	23.6	-3.07E+00	5.00E+02
-0.2	23.6	-6.15E+00	5.00E+02
-0.3	23.6	-9.22E+00	5.00E+02
-0.4	23.6	-1.23E+01	5.00E+02
-0.5	23.6	-1.54E+01	5.00E+02
0.5	23.5	7.37E+00	5.00E+02
0.4	23.5	5.89E+00	5.00E+02
0.3	23.5	4.42E+00	5.00E+02
0.2	23.5	2.95E+00	5.00E+02
0.1	23.5	1.47E+00	5.00E+02
0	23.5	4.51E-16	5.00E+02
-0.1	23.5	-1.47E+00	5.00E+02
-0.2	23.5	-2.95E+00	5.00E+02
-0.3	23.5	-4.42E+00	5.00E+02
-0.4	23.5	-5.89E+00	5.00E+02
-0.5	23.5	-7.37E+00	5.00E+02
0.5	23.4	0.00E+00	5.00E+02
0.4	23.4	0.00E+00	5.00E+02
0.3	23.4	0.00E+00	5.00E+02
0.2	23.4	0.00E+00	5.00E+02
0.1	23.4	0.00E+00	5.00E+02
0	23.4	0.00E+00	5.00E+02
-0.1	23.4	0.00E+00	5.00E+02
-0.2	23.4	0.00E+00	5.00E+02
-0.3	23.4	0.00E+00	5.00E+02
-0.4	23.4	0.00E+00	5.00E+02
-0.5	23.4	0.00E+00	5.00E+02
0.5	23.3	0.00E+00	5.00E+02
0.4	23.3	0.00E+00	5.00E+02
0.3	23.3	0.00E+00	5.00E+02
0.2	23.3	0.00E+00	5.00E+02
0.1	23.3	0.00E+00	5.00E+02
0	23.3	0.00E+00	5.00E+02
-0.1	23.3	0.00E+00	5.00E+02
-0.2	23.3	0.00E+00	5.00E+02
-0.3	23.3	0.00E+00	5.00E+02
-0.4	23.3	0.00E+00	5.00E+02
-0.5	23.3	0.00E+00	5.00E+02
0.5	23.2	0.00E+00	5.00E+02
0.4	23.2	0.00E+00	5.00E+02
0.3	23.2	0.00E+00	5.00E+02
0.2	23.2	0.00E+00	5.00E+02
0.1	23.2	0.00E+00	5.00E+02
0	23.2	0.00E+00	5.00E+02
-0.1	23.2	0.00E+00	5.00E+02
-0.2	23.2	0.00E+00	5.00E+02
-0.3	23.2	0.00E+00	5.00E+02
-0.4	23.2	0.00E+00	5.00E+02
-0.5	23.2	0.00E+00	5.00E+02
0.5	23.1	0.00E+00	5.00E+02
0.4	23.1	0.00E+00	5.00E+02
0.3	23.1	0.00E+00	5.00E+02
0.2	23.1	0.00E+00	5.00E+02
0.1	23.1	0.00E+00	5.00E+02
0	23.1	0.00E+00	5.00E+02
-0.1	23.1	0.00E+00	5.00E+02
-0.2	23.1	0.00E+00	5.00E+02
-0.3	23.1	0.00E+00	5.00E+02
-0.4	23.1	0.00E+00	5.00E+02
-0.5	23.1	0.00E+00	5.00E+02
0.5	23	0.00E+00	5.00E+02
0.4	23	0.00E+00	5.00E+02
0.3	23	0.00E+00	5.00E+02
0.2	23	0.00E+00	5.00E+02
0.1	23	0.00E+00	5.00E+02
0	23	0.00E+00	5.00E+02
-0.1	23	0.00E+00	5.00E+02
-0.2	23	0.00E+00	5.00E+02
-0.3	23	0.00E+00	5.00E+02
-0.4	23	0.00E+00	5.00E+02
-0.5	23	0.00E+00	5.00E+02
0.5	22.9	0.00E+00	5.00E+02
0.4	22.9	0.00E+00	5.00E+02
0.3	22.9	0.00E+00	5.00E+02
0.2	22.9	0.00E+00	5.00E+02
0.1	22.9	0.00E+00	5.00E+02
0	22.9	0.00E+00	5.00E+02
-0.1	22.9	0.00E+00	5.00E+02
-0.2	22.9	0.00E+00	5.00E+02
-0.3	22.9	0.00E+00	5.00E+02
-0.4	22.9	0.00E+00	5.00E+02
-0.5	22.9	0.00E+00	5.00E+02
0.5	22.8	0.00E+00	5.00E+02
0.4	22.8	0.00E+00	5.00E+02
0.3	22.8	0.00E+00	5.00E+02
0.2	22.8	0.00E+00	5.00E+02
0.1	22.8	0.00E+00	5.00E+02
0	22.8	0.00E+00	5.00E+02
-0.1	22.8	0.00E+00	5.00E+02
-0.2	22.8	0.00E+00	5.00E+02
-0.3	22.8	0.00E+00	5.00E+02
-0.4	22.8	0.00E+00	5.00E+02
-0.5	22.8	0.00E+00	5.00E+02
0.5	22.7	0.00E+00	5.00E+02
0.4	22.7	0.00E+00	5.00E+02
0.3	22.7	0.00E+00	5.00E+02
0.2	22.7	0.00E+00	5.00E+02
0.1	22.7	0.00E+00	5.00E+02
0	22.7	0.00E+00	5.00E+02
-0.1	22.7	0.00E+00	5.00E+02
-0.2	22.7	0.00E+00	5.00E+02
-0.3	22.7	0.00E+00	5.00E+02
-0.4	22.7	0.00E+00	5.00E+02
-0.5	22.7	0.00E+00	5.00E+02
0.5	22.6	0.00E+00	5.00E+02
0.4	22.6	0.00E+00	5.00E+02
0.3	22.6	0.00E+00	5.00E+02
0.2	22.6	0.00E+00	5.00E+02
0.1	22.6	0.00E+00	5.00E+02
0	22.6	0.00E+00	5.00E+02
-0.1	22.6	0.00E+00	5.00E+02
-0.2	22.6	0.00E+00	5.00E+02
-0.3	22.6	0.00E+00	5.00E+02
-0.4	22.6	0.00E+00	5.00E+02
-0.5	22.6	0.00E+00	5.00E+02
0.5	22.5	0.00E+00	5.00E+02
0.4	22.5	0.00E+00	5.00E+02
0.3	22.5	0.00E+00	5.00E+02
0.2	22.5	0.00E+00	5.00E+02
0.1	22.5	0.00E+00	5.00E+02
0	22.5	0.00E+00	5.00E+02
-0.1	22.5	0.00E+00	5.00E+02
-0.2	22.5	0.00E+00	5.00E+02
-0.3	22.5	0.00E+00	5.00E+02
-0.4	22.5	0.00E+00	5.00E+02
-0.5	22.5	0.00E+00	5.00E+02
0.5	22.4	0.00E+00	5.00E+02
0.4	22.4	0.00E+00	5.00E+02
0.3	22.4	0.00E+00	5.00E+02
0.2	22.4	0.00E+00	5.00E+02
0.1	22.4	0.00E+00	5.00E+02
0	22.4	0.00E+00	5.00E+02
-0.1	22.4	0.00E+00	5.00E+02
-0.2	22.4	0.00E+00	5.00E+02
-0.3	22.4	0.00E+00	5.00E+02
-0.4	22.4	0.00E+00	5.00E+02
-0.5	22.4	0.00E+00	5.00E+02
0.5	22.3	0.00E+00	5.00E+02
0.4	22.3	0.00E+00	5.00E+02
0.3	22.3	0.00E+00	5.00E+02
0.2	22.3	0.00E+00	5.00E+02
0.1	22.3	0.00E+00	5.00E+02
0	22.3	0.00E+00	5.00E+02
-0.1	22.3	0.00E+00	5.00E+02
-0.2	22.3	0.00E+00	5.00E+02
-0.3	22.3	0.00E+00	5.00E+02
-0.4	22.3	0.00E+00	5.00E+02
-0.5	22.3	0.00E+00	5.00E+02
0.5	22.2	0.00E+00	5.00E+02
0.4	22.2	0.00E+00	5.00E+02
0.3	22.2	0.00E+00	5.00E+02
0.2	22.2	0.00E+00	5.00E+02
0.1	22.2	0.00E+00	5.00E+02
0	22.2	0.00E+00	5.00E+02
-0.1	22.2	0.00E+00	5.00E+02
-0.2	22.2	0.00E+00	5.00E+02
-0.3	22.2	0.00E+00	5.00E+02
-0.4	22.2	0.00E+00	5.00E+02
-0.5	22.2	0.00E+00	5.00E+02
0.5	22.1	0.00E+00	5.00E+02
0.4	22.1	0.00E+00	5.00E+02
0.3	22.1	0.00E+00	5.00E+02
0.2	22.1	0.00E+00	5.00E+02
0.1	22.1	0.00E+00	5.00E+02
0	22.1	0.00E+00	5.00E+02
-0.1	22.1	0.00E+00	5.00E+02
-0.2	22.1	0.00E+00	5.00E+02
-0.3	22.1	0.00E+00	5.00E+02
-0.4	22.1	0.00E+00	5.00E+02
-0.5	22.1	0.00E+00	5.00E+02
0.5	22	0.00E+00	5.00E+02
0.4	22	0.00E+00	5.00E+02
0.3	22	0.00E+00	5.00E+02
0.2	22	0.00E+00	5.00E+02
0.1	22	0.00E+00	5.00E+02
0	22	0.00E+00	5.00E+02
-0.1	22	0.00E+00	5.00E+02
-0.2	22	0.00E+00	5.00E+02
-0.3	22	0.00E+00	5.00E+02
-0.4	22	0.00E+00	5.00E+02
-0.5	22	0.00E+00	5.00E+02
0.5	21.9	0.00E+00	5.00E+02
0.4	21.9	0.00E+00	5.00E+02
0.3	21.9	0.00E+00	5.00E+02
0.2	21.9	0.00E+00	5.00E+02
0.1	21.9	0.00E+00	5.00E+02
0	21.9	0.00E+00	5.00E+02
-0.1	21.9	0.00E+00	5.00E+02
-0.2	21.9	0.00E+00	5.00E+02
-0.3	21.9	0.00E+00	5.00E+02
-0.4	21.9	0.00E+00	5.00E+02
-0.5	21.9	0.00E+00	5.00E+02
0.5	21.8	0.00E+00	5.00E+02
0.4	21.8	0.00E+00	5.00E+02
0.3	21.8	0.00E+00	5.00E+02
0.2	21.8	0.00E+00	5.00E+02
0.1	21.8	0.00E+00	5.00E+02
0	21.8	0.00E+00	5.00E+02
-0.1	21.8	0.00E+00	5.00E+02
-0.2	21.8	0.00E+00	5.00E+02
-0.3	21.8	0.00E+00	5.00E+02
-0.4	21.8	0.00E+00	5.00E+02
-0.5	21.8	0.00E+00	5.00E+02
0.5	21.7	0.00E+00	5.00E+02
0.4	21.7	0.00E+00	5.00E+02
0.3	21.7	0.00E+00	5.00E+02
0.2	21.7	0.00E+00	5.00E+02
0.1	21.7	0.00E+00	5.00E+02
0	21.7	0.00E+00	5.00E+02
-0.1	21.7	0.00E+00	5.00E+02
-0.2	21.7	0.00E+00	5.00E+02
-0.3	21.7	0.00E+00	5.00E+02
-0.4	21.7	0.00E+00	5.00E+02
-0.5	21.7	0.00E+00	5.00E+02
0.5	21.6	0.00E+00	5.00E+02
0.4	21.6	0.00E+00	5.00E+02
0.3	21.6	0.00E+00	5.00E+02
0.2	21.6	0.00E+00	5.00E+02
0.1	21.6	0.00E+00	5.00E+02
0	21.6	0.00E+00	5.00E+02
-0.1	21.6	0.00E+00	5.00E+02
-0.2	21.6	0.00E+00	5.00E+02
-0.3	21.6	0.00E+00	5.00E+02
-0.4	21.6	0.00E+00	5.00E+02
-0.5	21.6	0.00E+00	5.00E+02
0.5	21.5	0.00E+00	5.00E+02
0.4	21.5	0.00E+00	5.00E+02
0.3	21.5	0.00E+00	5.00E+02
0.2	21.5	0.00E+00	5.00E+02
0.1	21.5	0.00E+00	5.00E+02
0	21.5	0.00E+00	5.00E+02
-0.1	21.5	0.00E+00	5.00E+02
-0.2	21.5	0.00E+00	5.00E+02
-0.3	21.5	0.00E+00	5.00E+02
-0.4	21.5	0.00E+00	5.00E+02
-0.5	21.5	0.00E+00	5.00E+02
0.5	21.4	0.00E+00	5.00E+02
0.4	21.4	0.00E+00	5.00E+02
0.3	21.4	0.00E+00	5.00E+02
0.2	21.4	0.00E+00	5.00E+02
0.1	21.4	0.00E+00	5.00E+02
0	21.4	0.00E+00	5.00E+02
-0.1	21.4	0.00E+00	5.00E+02
-0.2	21.4	0.00E+00	5.00E+02
-0.3	21.4	0.00E+00	5.00E+02
-0.4	21.4	0.00E+00	5.00E+02
-0.5	21.4	0.00E+00	5.00E+02
0.5	21.3	0.00E+00	5.00E+02
0.4	21.3	0.00E+00	5.00E+02
0.3	21.3	0.00E+00	5.00E+02
0.2	21.3	0.00E+00	5.00E+02
0.1	21.3	0.00E+00	5.00E+02
0	21.3	0.00E+00	5.00E+02
-0.1	21.3	0.00E+00	5.00E+02
-0.2	21.3	0.00E+00	5.00E+02
-0.3	21.3	0.00E+00	5.00E+02
-0.4	21.3	0.00E+00	5.00E+02
-0.5	21.3	0.00E+00	5.00E+02
0.5	21.2	0.00E+00	5.00E+02
0.4	21.2	0.00E+00	5.00E+02
0.3	21.2	0.00E+00	5.00E+02
0.2	21.2	0.00E+00	5.00E+02
0.1	21.2	0.00E+00	5.00E+02
0	21.2	0.00E+00	5.00E+02
-0.1	21.2	0.00E+00	5.00E+02
-0.2	21.2	0.00E+00	5.00E+02
-0.3	21.2	0.00E+00	5.00E+02
-0.4	21.2	0.00E+00	5.00E+02
-0.5	21.2	0.00E+00	5.00E+02
0.5	21.1	0.00E+00	5.00E+02
0.4	21.1	0.00E+00	5.00E+02
0.3	21.1	0.00E+00	5.00E+02
0.2	21.1	0.00E+00	5.00E+02
0.1	21.1	0.00E+00	5.00E+02
0	21.1	0.00E+00	5.00E+02
-0.1	21.1	0.00E+00	5.00E+02
-0.2	21.1	0.00E+00	5.00E+02
-0.3	21.1	0.00E+00	5.00E+02
-0.4	21.1	0.00E+00	5.00E+02
-0.5	21.1	0.00E+00	5.00E+02
0.5	21	0.00E+00	5.00E+02
0.4	21	0.00E+00	5.00E+02
0.3	21	0.00E+00	5.00E+02
0.2	21	0.00E+00	5.00E+02
0.1	21	0.00E+00	5.00E+02
0	21	0.00E+00	5.00E+02
-0.1	21	0.00E+00	5.00E+02
-0.2	21	0.00E+00	5.00E+02
-0.3	21	0.00E+00	5.00E+02
-0.4	21	0.00E+00	5.00E+02
-0.5	21	0.00E+00	5.00E+02
0.5	20.9	0.00E+00	5.00E+02
0.4	20.9	0.00E+00	5.00E+02
0.3	20.9	0.00E+00	5.00E+02
0.2	20.9	0.00E+00	5.00E+02
0.1	20.9	0.00E+00	5.00E+02
0	20.9	0.00E+00	5.00E+02
-0.1	20.9	0.00E+00	5.00E+02
-0.2	20.9	0.00E+00	5.00E+02
-0.3	20.9	0.00E+00	5.00E+02
-0.4	20.9	0.00E+00	5.00E+02
-0.5	20.9	0.00E+00	5.00E+02
0.5	20.8	0.00E+00	5.00E+02
0.4	20.8	0.00E+00	5.00E+02
0.3	20.8	0.00E+00	5.00E+02
0.2	20.8	0.00E+00	5.00E+02
0.1	20.8	0.00E+00	5.00E+02
0	20.8	0.00E+00	5.00E+02
-0.1	20.8	0.00E+00	5.00E+02
-0.2	20.8	0.00E+00	5.00E+02
-0.3	20.8	0.00E+00	5.00E+02
-0.4	20.8	0.00E+00	5.00E+02
-0.5	20.8	0.00E+00	5.00E+02
0.5	20.7	0.00E+00	5.00E+02
0.4	20.7	0.00E+00	5.00E+02
0.3	20.7	0.00E+00	5.00E+02
0.2	20.7	0.00E+00	5.00E+02
0.1	20.7	0.00E+00	5.00E+02
0	20.7	0.00E+00	5.00E+02
-0.1	20.7	0.00E+00	5.00E+02
-0.2	20.7	0.00E+00	5.00E+02
-0.3	20.7	0.00E+00	5.00E+02
-0.4	20.7	0.00E+00	5.00E+02
-0.5	20.7	0.00E+00	5.00E+02
0.5	20.6	0.00E+00	5.00E+02
0.4	20.6	0.00E+00	5.00E+02
0.3	20.6	0.00E+00	5.00E+02
0.2	20.6	0.00E+00	5.00E+02
0.1	20.6	0.00E+00	5.00E+02
0	20.6	0.00E+00	5.00E+02
-0.1	20.6	0.00E+00	5.00E+02
-0.2	20.6	0.00E+00	5.00E+02
-0.3	20.6	0.00E+00	5.00E+02
-0.4	20.6	0.00E+00	5.00E+02
-0.5	20.6	0.00E+00	5.00E+02
0.5	20.5	0.00E+00	5.00E+02
0.4	20.5	0.00E+00	5.00E+02
0.3	20.5	0.00E+00	5.00E+02
0.2	20.5	0.00E+00	5.00E+02
0.1	20.5	0.00E+00	5.00E+02
0	20.5	0.00E+00	5.00E+02
-0.1	20.5	0.00E+00	5.00E+02
-0.2	20.5	0.00E+00	5.00E+02
-0.3	20.5	0.00E+00	5.00E+02
-0.4	20.5	0.00E+00	5.00E+02
-0.5	20.5	0.00E+00	5.00E+02
0.5	20.4	0.00E+00	5.00E+02
0.4	20.4	0.00E+00	5.00E+02
0.3	20.4	0.00E+00	5.00E+02
0.2	20.4	0.00E+00	5.00E+02
0.1	20.4	0.00E+00	5.00E+02
0	20.4	0.00E+00	5.00E+02
-0.1	20.4	0.00E+00	5.00E+02
-0.2	20.4	0.00E+00	5.00E+02
-0.3	20.4	0.00E+00	5.00E+02
-0.4	20.4	0.00E+00	5.00E+02
-0.5	20.4	0.00E+00	5.00E+02
0.5	20.3	0.00E+00	5.00E+02
0.4	20.3	0.00E+00	5.00E+02
0.3	20.3	0.00E+00	5.00E+02
0.2	20.3	0.00E+00	5.00E+02
0.1	20.3	0.00E+00	5.00E+02
0	20.3	0.00E+00	5.00E+02
-0.1	20.3	0.00E+00	5.00E+02
-0.2	20.3	0.00E+00	5.00E+02
-0.3	20.3	0.00E+00	5.00E+02
-0.4	20.3	0.00E+00	5.00E+02
-0.5	20.3	0.00E+00	5.00E+02
0.5	20.2	0.00E+00	5.00E+02
0.4	20.2	0.00E+00	5.00E+02
0.3	20.2	0.00E+00	5.00E+02
0.2	20.2	0.00E+00	5.00E+02
0.1	20.2	0.00E+00	5.00E+02
0	20.2	0.00E+00	5.00E+02
-0.1	20.2	0.00E+00	5.00E+02
-0.2	20.2	0.00E+00	5.00E+02
-0.3	20.2	0.00E+00	5.00E+02
-0.4	20.2	0.00E+00	5.00E+02
-0.5	20.2	0.00E+00	5.00E+02
0.5	20.1	0.00E+00	5.00E+02
0.4	20.1	0.00E+00	5.00E+02
0.3	20.1	0.00E+00	5.00E+02
0.2	20.1	0.00E+00	5.00E+02
0.1	20.1	0.00E+00	5.00E+02
0	20.1	0.00E+00	5.00E+02
-0.1	20.1	0.00E+00	5.00E+02
-0.2	20.1	0.00E+00	5.00E+02
-0.3	20.1	0.00E+00	5.00E+02
-0.4	20.1	0.00E+00	5.00E+02
-0.5	20.1	0.00E+00	5.00E+02
0.5	20	0.00E+00	5.00E+02
0.4	20	0.00E+00	5.00E+02
0.3	20	0.00E+00	5.00E+02
0.2	20	0.00E+00	5.00E+02
0.1	20	0.00E+00	5.00E+02
0	20	0.00E+00	5.00E+02
-0.1	20	0.00E+00	5.00E+02
-0.2	20	0.00E+00	5.00E+02
-0.3	20	0.00E+00	5.00E+02
-0.4	20	0.00E+00	5.00E+02
-0.5	20	0.00E+00	5.00E+02
0.5	19.9	0.00E+00	5.00E+02
0.4	19.9	0.00E+00	5.00E+02
0.3	19.9	0.00E+00	5.00E+02
0.2	19.9	0.00E+00	5.00E+02
0.1	19.9	0.00E+00	5.00E+02
0	19.9	0.00E+00	5.00E+02
-0.1	19.9	0.00E+00	5.00E+02
-0.2	19.9	0.00E+00	5.00E+02
-0.3	19.9	0.00E+00	5.00E+02
-0.4	19.9	0.00E+00	5.00E+02
-0.5	19.9	0.00E+00	5.00E+02
0.5	19.8	0.00E+00	5.00E+02
0.4	19.8	0.00E+00	5.00E+02
0.3	19.8	0.00E+00	5.00E+02
0.2	19.8	0.00E+00	5.00E+02
0.1	19.8	0.00E+00	5.00E+02
0	19.8	0.00E+00	5.00E+02
-0.1	19.8	0.00E+00	5.00E+02
-0.2	19.8	0.00E+00	5.00E+02
-0.3	19.8	0.00E+00	5.00E+02
-0.4	19.8	0.00E+00	5.00E+02
-0.5	19.8	0.00E+00	5.00E+02
0.5	19.7	0.00E+00	5.00E+02
0.4	19.7	0.00E+00	5.00E+02
0.3	19.7	0.00E+00	5.00E+02
0.2	19.7	0.00E+00	5.00E+02
0.1	19.7	0.00E+00	5.00E+02
0	19.7	0.00E+00	5.00E+02
-0.1	19.7	0.00E+00	5.00E+02
-0.2	19.7	0.00E+00	5.00E+02
-0.3	19.7	0.00E+00	5.00E+02
-0.4	19.7	0.00E+00	5.00E+02
-0.5	19.7	0.00E+00	5.00E+02
0.5	19.6	0.00E+00	5.00E+02
0.4	19.6	0.00E+00	5.00E+02
0.3	19.6	0.00E+00	5.00E+02
0.2	19.6	0.00E+00	5.00E+02
0.1	19.6	0.00E+00	5.00E+02
0	19.6	0.00E+00	5.00E+02
-0.1	19.6	0.00E+00	5.00E+02
-0.2	19.6	0.00E+00	5.00E+02
-0.3	19.6	0.00E+00	5.00E+02
-0.4	19.6	0.00E+00	5.00E+02
-0.5	19.6	0.00E+00	5.00E+02
0.5	19.5	0.00E+00	5.00E+02
0.4	19.5	0.00E+00	5.00E+02
0.3	19.5	0.00E+00	5.00E+02
0.2	19.5	0.00E+00	5.00E+02
0.1	19.5	0.00E+00	5.00E+02
0	19.5	0.00E+00	5.00E+02
-0.1	19.5	0.00E+00	5.00E+02
-0.2	19.5	0.00E+00	5.00E+02
-0.3	19.5	0.00E+00	5.00E+02
-0.4	19.5	0.00E+00	5.00E+02
-0.5	19.5	0.00E+00	5.00E+02
0.5	19.4	0.00E+00	5.00E+02
0.4	19.4	0.00E+00	5.00E+02
0.3	19.4	0.00E+00	5.00E+02
0.2	19.4	0.00E+00	5.00E+02
0.1	19.4	0.00E+00	5.00E+02
0	19.4	0.00E+00	5.00E+02
-0.1	19.4	0.00E+00	5.00E+02
-0.2	19.4	0.00E+00	5.00E+02
-0.3	19.4	0.00E+00	5.00E+02
-0.4	19.4	0.00E+00	5.00E+02
-0.5	19.4	0.00E+00	5.00E+02
0.5	19.3	0.00E+00	5.00E+02
0.4	19.3	0.00E+00	5.00E+02
0.3	19.3	0.00E+00	5.00E+02
0.2	19.3	0.00E+00	5.00E+02
0.1	19.3	0.00E+00	5.00E+02
0	19.3	0.00E+00	5.00E+02
-0.1	19.3	0.00E+00	5.00E+02
-0.2	19.3	0.00E+00	5.00E+02
-0.3	19.3	0.00E+00	5.00E+02
-0.4	19.3	0.00E+00	5.00E+02
-0.5	19.3	0.00E+00	5.00E+02
0.5	19.2	0.00E+00	5.00E+02
0.4	19.2	0.00E+00	5.00E+02
0.3	19.2	0.00E+00	5.00E+02
0.2	19.2	0.00E+00	5.00E+02
0.1	19.2	0.00E+00	5.00E+02
0	19.2	0.00E+00	5.00E+02
-0.1	19.2	0.00E+00	5.00E+02
-0.2	19.2	0.00E+00	5.00E+02
-0.3	19.2	0.00E+00	5.00E+02
-0.4	19.2	0.00E+00	5.00E+02
-0.5	19.2	0.00E+00	5.00E+02
0.5	19.1	0.00E+00	5.00E+02
0.4	19.1	0.00E+00	5.00E+02
0.3	19.1	0.00E+00	5.00E+02
0.2	19.1	0.00E+00	5.00E+02
0.1	19.1	0.00E+00	5.00E+02
0	19.1	0.00E+00	5.00E+02
-0.1	19.1	0.00E+00	5.00E+02
-0.2	19.1	0.00E+00	5.00E+02
-0.3	19.1	0.00E+00	5.00E+02
-0.4	19.1	0.00E+00	5.00E+02
-0.5	19.1	0.00E+00	5.00E+02
0.5	19	0.00E+00	5.00E+02
0.4	19	0.00E+00	5.00E+02
0.3	19	0.00E+00	5.00E+02
0.2	19	0.00E+00	5.00E+02
0.1	19	0.00E+00	5.00E+02
0	19	0.00E+00	5.00E+02
-0.1	19	0.00E+00	5.00E+02
-0.2	19	0.00E+00	5.00E+02
-0.3	19	0.00E+00	5.00E+02
-0.4	19	0.00E+00	5.00E+02
-0.5	19	0.00E+00	5.00E+02
0.5	18.9	0.00E+00	5.00E+02
0.4	18.9	0.00E+00	5.00E+02
0.3	18.9	0.00E+00	5.00E+02
0.2	18.9	0.00E+00	5.00E+02
0.1	18.9	0.00E+00	5.00E+02
0	18.9	0.00E+00	5.00E+02
-0.1	18.9	0.00E+00	5.00E+02
-0.2	18.9	0.00E+00	5.00E+02
-0.3	18.9	0.00E+00	5.00E+02
-0.4	18.9	0.00E+00	5.00E+02
-0.5	18.9	0.00E+00	5.00E+02
0.5	18.8	0.00E+00	5.00E+02
0.4	18.8	0.00E+00	5.00E+02
0.3	18.8	0.00E+00	5.00E+02
0.2	18.8	0.00E+00	5.00E+02
0.1	18.8	0.00E+00	5.00E+02
0	18.8	0.00E+00	5.00E+02
-0.1	18.8	0.00E+00	5.00E+02
-0.2	18.8	0.00E+00	5.00E+02
-0.3	18.8	0.00E+00	5.00E+02
-0.4	18.8	0.00E+00	5.00E+02
-0.5	18.8	0.00E+00	5.00E+02
0.5	18.7	0.00E+00	5.00E+02
0.4	18.7	0.00E+00	5.00E+02
0.3	18.7	0.00E+00	5.00E+02
0.2	18.7	0.00E+00	5.00E+02
0.1	18.7	0.00E+00	5.00E+02
0	18.7	0.00E+00	5.00E+02
-0.1	18.7	0.00E+00	5.00E+02
-0.2	18.7	0.00E+00	5.00E+02
-0.3	18.7	0.00E+00	5.00E+02
-0.4	18.7	0.00E+00	5.00E+02
-0.5	18.7	0.00E+00	5.00E+02
0.5	18.6	0.00E+00	5.00E+02
0.4	18.6	0.00E+00	5.00E+02
0.3	18.6	0.00E+00	5.00E+02
0.2	18.6	0.00E+00	5.00E+02
0.1	18.6	0.00E+00	5.00E+02
0	18.6	0.00E+00	5.00E+02
-0.1	18.6	0.00E+00	5.00E+02
-0.2	18.6	0.00E+00	5.00E+02
-0.3	18.6	0.00E+00	5.00E+02
-0.4	18.6	0.00E+00	5.00E+02
-0.5	18.6	0.00E+00	5.00E+02
0.5	18.5	0.00E+00	5.00E+02
0.4	18.5	0.00E+00	5.00E+02
0.3	18.5	0.00E+00	5.00E+02
0.2	18.5	0.00E+00	5.00E+02
0.1	18.5	0.00E+00	5.00E+02
0	18.5	0.00E+00	5.00E+02
-0.1	18.5	0.00E+00	5.00E+02
-0.2	18.5	0.00E+00	5.00E+02
-0.3	18.5	0.00E+00	5.00E+02
-0.4	18.5	0.00E+00	5.00E+02
-0.5	18.5	0.00E+00	5.00E+02
0.5	18.4	0.00E+00	5.00E+02
0.4	18.4	0.00E+00	5.00E+02
0.3	18.4	0.00E+00	5.00E+02
0.2	18.4	0.00E+00	5.00E+02
0.1	18.4	0.00E+00	5.00E+02
0	18.4	0.00E+00	5.00E+02
-0.1	18.4	0.00E+00	5.00E+02
-0.2	18.4	0.00E+00	5.00E+02
-0.3	18.4	0.00E+00	5.00E+02
-0.4	18.4	0.00E+00	5.00E+02
-0.5	18.4	0.00E+00	5.00E+02
0.5	18.3	0.00E+00	5.00E+02
0.4	18.3	0.00E+00	5.00E+02
0.3	18.3	0.00E+00	5.00E+02
0.2	18.3	0.00E+00	5.00E+02
0.1	18.3	0.00E+00	5.00E+02
0	18.3	0.00E+00	5.00E+02
-0.1	18.3	0.00E+00	5.00E+02
-0.2	18.3	0.00E+00	5.00E+02
-0.3	18.3	0.00E+00	5.00E+02
-0.4	18.3	0.00E+00	5.00E+02
-0.5	18.3	0.00E+00	5.00E+02
0.5	18.2	0.00E+00	5.00E+02
0.4	18.2	0.00E+00	5.00E+02
0.3	18.2	0.00E+00	5.00E+02
0.2	18.2	0.00E+00	5.00E+02
0.1	18.2	0.00E+00	5.00E+02
0	18.2	0.00E+00	5.00E+02
-0.1	18.2	0.00E+00	5.00E+02
-0.2	18.2	0.00E+00	5.00E+02
-0.3	18.2	0.00E+00	5.00E+02
-0.4	18.2	0.00E+00	5.00E+02
-0.5	18.2	0.00E+00	5.00E+02
0.5	18.1	0.00E+00	5.00E+02
0.4	18.1	0.00E+00	5.00E+02
0.3	18.1	0.00E+00	5.00E+02
0.2	18.1	0.00E+00	5.00E+02
0.1	18.1	0.00E+00	5.00E+02
0	18.1	0.00E+00	5.00E+02
-0.1	18.1	0.00E+00	5.00E+02
-0.2	18.1	0.00E+00	5.00E+02
-0.3	18.1	0.00E+00	5.00E+02
-0.4	18.1	0.00E+00	5.00E+02
-0.5	18.1	0.00E+00	5.00E+02
0.5	18	0.00E+00	5.00E+02
0.4	18	0.00E+00	5.00E+02
0.3	18	0.00E+00	5.00E+02
0.2	18	0.00E+00	5.00E+02
0.1	18	0.00E+00	5.00E+02
0	18	0.00E+00	5.00E+02
-0.1	18	0.00E+00	5.00E+02
-0.2	18	0.00E+00	5.00E+02
-0.3	18	0.00E+00	5.00E+02
-0.4	18	0.00E+00	5.00E+02
-0.5	18	0.00E+00	5.00E+02
0.5	17.9	0.00E+00	5.00E+02
0.4	17.9	0.00E+00	5.00E+02
0.3	17.9	0.00E+00	5.00E+02
0.2	17.9	0.00E+00	5.00E+02
0.1	17.9	0.00E+00	5.00E+02
0	17.9	0.00E+00	5.00E+02
-0.1	17.9	0.00E+00	5.00E+02
-0.2	17.9	0.00E+00	5.00E+02
-0.3	17.9	0.00E+00	5.00E+02
-0.4	17.9	0.00E+00	5.00E+02
-0.5	17.9	0.00E+00	5.00E+02
0.5	17.8	0.00E+00	5.00E+02
0.4	17.8	0.00E+00	5.00E+02
0.3	17.8	0.00E+00	5.00E+02
0.2	17.8	0.00E+00	5.00E+02
0.1	17.8	0.00E+00	5.00E+02
0	17.8	0.00E+00	5.00E+02
-0.1	17.8	0.00E+00	5.00E+02
-0.2	17.8	0.00E+00	5.00E+02
-0.3	17.8	0.00E+00	5.00E+02
-0.4	17.8	0.00E+00	5.00E+02
-0.5	17.8	0.00E+00	5.00E+02
0.5	17.7	0.00E+00	5.00E+02
0.4	17.7	0.00E+00	5.00E+02
0.3	17.7	0.00E+00	5.00E+02
0.2	17.7	0.00E+00	5.00E+02
0.1	17.7	0.00E+00	5.00E+02
0	17.7	0.00E+00	5.00E+02
-0.1	17.7	0.00E+00	5.00E+02
-0.2	17.7	0.00E+00	5.00E+02
-0.3	17.7	0.00E+00	5.00E+02
-0.4	17.7	0.00E+00	5.00E+02
-0.5	17.7	0.00E+00	5.00E+02
0.5	17.6	0.00E+00	5.00E+02
0.4	17.6	0.00E+00	5.00E+02
0.3	17.6	0.00E+00	5.00E+02
0.2	17.6	0.00E+00	5.00E+02
0.1	17.6	0.00E+00	5.00E+02
0	17.6	0.00E+00	5.00E+02
-0.1	17.6	0.00E+00	5.00E+02
-0.2	17.6	0.00E+00	5.00E+02
-0.3	17.6	0.00E+00	5.00E+02
-0.4	17.6	0.00E+00	5.00E+02
-0.5	17.6	0.00E+00	5.00E+02
0.5	17.5	0.00E+00	5.00E+02
0.4	17.5	0.00E+00	5.00E+02
0.3	17.5	0.00E+00	5.00E+02
0.2	17.5	0.00E+00	5.00E+02
0.1	17.5	0.00E+00	5.00E+02
0	17.5	0.00E+00	5.00E+02
-0.1	17.5	0.00E+00	5.00E+02
-0.2	17.5	0.00E+00	5.00E+02
-0.3	17.5	0.00E+00	5.00E+02
-0.4	17.5	0.00E+00	5.00E+02
-0.5	17.5	0.00E+00	5.00E+02
0.5	17.4	0.00E+00	5.00E+02
0.4	17.4	0.00E+00	5.00E+02
0.3	17.4	0.00E+00	5.00E+02
0.2	17.4	0.00E+00	5.00E+02
0.1	17.4	0.00E+00	5.00E+02
0	17.4	0.00E+00	5.00E+02
-0.1	17.4	0.00E+00	5.00E+02
-0.2	17.4	0.00E+00	5.00E+02
-0.3	17.4	0.00E+00	5.00E+02
-0.4	17.4	0.00E+00	5.00E+02
-0.5	17.4	0.00E+00	5.00E+02
0.5	17.3	0.00E+00	5.00E+02
0.4	17.3	0.00E+00	5.00E+02
0.3	17.3	0.00E+00	5.00E+02
0.2	17.3	0.00E+00	5.00E+02
0.1	17.3	0.00E+00	5.00E+02
0	17.3	0.00E+00	5.00E+02
-0.1	17.3	0.00E+00	5.00E+02
-0.2	17.3	0.00E+00	5.00E+02
-0.3	17.3	0.00E+00	5.00E+02
-0.4	17.3	0.00E+00	5.00E+02
-0.5	17.3	0.00E+00	5.00E+02
0.5	17.2	0.00E+00	5.00E+02
0.4	17.2	0.00E+00	5.00E+02
0.3	17.2	0.00E+00	5.00E+02
0.2	17.2	0.00E+00	5.00E+02
0.1	17.2	0.00E+00	5.00E+02
0	17.2	0.00E+00	5.00E+02
-0.1	17.2	0.00E+00	5.00E+02
-0.2	17.2	0.00E+00	5.00E+02
-0.3	17.2	0.00E+00	5.00E+02
-0.4	17.2	0.00E+00	5.00E+02
-0.5	17.2	0.00E+00	5.00E+02
0.5	17.1	0.00E+00	5.00E+02
0.4	17.1	0.00E+00	5.00E+02
0.3	17.1	0.00E+00	5.00E+02
0.2	17.1	0.00E+00	5.00E+02
0.1	17.1	0.00E+00	5.00E+02
0	17.1	0.00E+00	5.00E+02
-0.1	17.1	0.00E+00	5.00E+02
-0.2	17.1	0.00E+00	5.00E+02
-0.3	17.1	0.00E+00	5.00E+02
-0.4	17.1	0.00E+00	5.00E+02
-0.5	17.1	0.00E+00	5.00E+02
0.5	17	0.00E+00	5.00E+02
0.4	17	0.00E+00	5.00E+02
0.3	17	0.00E+00	5.00E+02
0.2	17	0.00E+00	5.00E+02
0.1	17	0.00E+00	5.00E+02
0	17	0.00E+00	5.00E+02
-0.1	17	0.00E+00	5.00E+02
-0.2	17	0.00E+00	5.00E+02
-0.3	17	0.00E+00	5.00E+02
-0.4	17	0.00E+00	5.00E+02
-0.5	17	0.00E+00	5.00E+02
0.5	16.9	0.00E+00	5.00E+02
0.4	16.9	0.00E+00	5.00E+02
0.3	16.9	0.00E+00	5.00E+02
0.2	16.9	0.00E+00	5.00E+02
0.1	16.9	0.00E+00	5.00E+02
0	16.9	0.00E+00	5.00E+02
-0.1	16.9	0.00E+00	5.00E+02
-0.2	16.9	0.00E+00	5.00E+02
-0.3	16.9	0.00E+00	5.00E+02
-0.4	16.9	0.00E+00	5.00E+02
-0.5	16.9	0.00E+00	5.00E+02
0.5	16.8	0.00E+00	5.00E+02
0.4	16.8	0.00E+00	5.00E+02
0.3	16.8	0.00E+00	5.00E+02
0.2	16.8	0.00E+00	5.00E+02
0.1	16.8	0.00E+00	5.00E+02
0	16.8	0.00E+00	5.00E+02
-0.1	16.8	0.00E+00	5.00E+02
-0.2	16.8	0.00E+00	5.00E+02
-0.3	16.8	0.00E+00	5.00E+02
-0.4	16.8	0.00E+00	5.00E+02
-0.5	16.8	0.00E+00	5.00E+02
0.5	16.7	0.00E+00	5.00E+02
0.4	16.7	0.00E+00	5.00E+02
0.3	16.7	0.00E+00	5.00E+02
0.2	16.7	0.00E+00	5.00E+02
0.1	16.7	0.00E+00	5.00E+02
0	16.7	0.00E+00	5.00E+02
-0.1	16.7	0.00E+00	5.00E+02
-0.2	16.7	0.00E+00	5.00E+02
-0.3	16.7	0.00E+00	5.00E+02
-0.4	16.7	0.00E+00	5.00E+02
-0.5	16.7	0.00E+00	5.00E+02
0.5	16.6	0.00E+00	5.00E+02
0.4	16.6	0.00E+00	5.00E+02
0.3	16.6	0.00E+00	5.00E+02
0.2	16.6	0.00E+00	5.00E+02
0.1	16.6	0.00E+00	5.00E+02
0	16.6	0.00E+00	5.00E+02
-0.1	16.6	0.00E+00	5.00E+02
-0.2	16.6	0.00E+00	5.00E+02
-0.3	16.6	0.00E+00	5.00E+02
-0.4	16.6	0.00E+00	5.00E+02
-0.5	16.6	0.00E+00	5.00E+02
0.5	16.5	0.00E+00	5.00E+02
0.4	16.5	0.00E+00	5.00E+02
0.3	16.5	0.00E+00	5.00E+02
0.2	16.5	0.00E+00	5.00E+02
0.1	16.5	0.00E+00	5.00E+02
0	16.5	0.00E+00	5.00E+02
-0.1	16.5	0.00E+00	5.00E+02
-0.2	16.5	0.00E+00	5.00E+02
-0.3	16.5	0.00E+00	5.00E+02
-0.4	16.5	0.00E+00	5.00E+02
-0.5	16.5	0.00E+00	5.00E+02
0.5	16.4	0.00E+00	5.00E+02
0.4	16.4	0.00E+00	5.00E+02
0.3	16.4	0.00E+00	5.00E+02
0.2	16.4	0.00E+00	5.00E+02
0.1	16.4	0.00E+00	5.00E+02
0	16.4	0.00E+00	5.00E+02
-0.1	16.4	0.00E+00	5.00E+02
-0.2	16.4	0.00E+00	5.00E+02
-0.3	16.4	0.00E+00	5.00E+02
-0.4	16.4	0.00E+00	5.00E+02
-0.5	16.4	0.00E+00	5.00E+02
0.5	16.3	0.00E+00	5.00E+02
0.4	16.3	0.00E+00	5.00E+02
0.3	16.3	0.00E+00	5.00E+02
0.2	16.3	0.00E+00	5.00E+02
0.1	16.3	0.00E+00	5.00E+02
0	16.3	0.00E+00	5.00E+02
-0.1	16.3	0.00E+00	5.00E+02
-0.2	16.3	0.00E+00	5.00E+02
-0.3	16.3	0.00E+00	5.00E+02
-0.4	16.3	0.00E+00	5.00E+02
-0.5	16.3	0.00E+00	5.00E+02
0.5	16.2	0.00E+00	5.00E+02
0.4	16.2	0.00E+00	5.00E+02
0.3	16.2	0.00E+00	5.00E+02
0.2	16.2	0.00E+00	5.00E+02
0.1	16.2	0.00E+00	5.00E+02
0	16.2	0.00E+00	5.00E+02
-0.1	16.2	0.00E+00	5.00E+02
-0.2	16.2	0.00E+00	5.00E+02
-0.3	16.2	0.00E+00	5.00E+02
-0.4	16.2	0.00E+00	5.00E+02
-0.5	16.2	0.00E+00	5.00E+02
0.5	16.1	0.00E+00	5.00E+02
0.4	16.1	0.00E+00	5.00E+02
0.3	16.1	0.00E+00	5.00E+02
0.2	16.1	0.00E+00	5.00E+02
0.1	16.1	0.00E+00	5.00E+02
0	16.1	0.00E+00	5.00E+02
-0.1	16.1	0.00E+00	5.00E+02
-0.2	16.1	0.00E+00	5.00E+02
-0.3	16.1	0.00E+00	5.00E+02
-0.4	16.1	0.00E+00	5.00E+02
-0.5	16.1	0.00E+00	5.00E+02
0.5	16	0.00E+00	5.00E+02
0.4	16	0.00E+00	5.00E+02
0.3	16	0.00E+00	5.00E+02
0.2	16	0.00E+00	5.00E+02
0.1	16	0.00E+00	5.00E+02
0	16	0.00E+00	5.00E+02
-0.1	16	0.00E+00	5.00E+02
-0.2	16	0.00E+00	5.00E+02
-0.3	16	0.00E+00	5.00E+02
-0.4	16	0.00E+00	5.00E+02
-0.5	16	0.00E+00	5.00E+02
0.5	15.9	0.00E+00	5.00E+02
0.4	15.9	0.00E+00	5.00E+02
0.3	15.9	0.00E+00	5.00E+02
0.2	15.9	0.00E+00	5.00E+02
0.1	15.9	0.00E+00	5.00E+02
0	15.9	0.00E+00	5.00E+02
-0.1	15.9	0.00E+00	5.00E+02
-0.2	15.9	0.00E+00	5.00E+02
-0.3	15.9	0.00E+00	5.00E+02
-0.4	15.9	0.00E+00	5.00E+02
-0.5	15.9	0.00E+00	5.00E+02
0.5	15.8	0.00E+00	5.00E+02
0.4	15.8	0.00E+00	5.00E+02
0.3	15.8	0.00E+00	5.00E+02
0.2	15.8	0.00E+00	5.00E+02
0.1	15.8	0.00E+00	5.00E+02
0	15.8	0.00E+00	5.00E+02
-0.1	15.8	0.00E+00	5.00E+02
-0.2	15.8	0.00E+00	5.00E+02
-0.3	15.8	0.00E+00	5.00E+02
-0.4	15.8	0.00E+00	5.00E+02
-0.5	15.8	0.00E+00	5.00E+02
0.5	15.7	0.00E+00	5.00E+02
0.4	15.7	0.00E+00	5.00E+02
0.3	15.7	0.00E+00	5.00E+02
0.2	15.7	0.00E+00	5.00E+02
0.1	15.7	0.00E+00	5.00E+02
0	15.7	0.00E+00	5.00E+02
-0.1	15.7	0.00E+00	5.00E+02
-0.2	15.7	0.00E+00	5.00E+02
-0.3	15.7	0.00E+00	5.00E+02
-0.4	15.7	0.00E+00	5.00E+02
-0.5	15.7	0.00E+00	5.00E+02
0.5	15.6	0.00E+00	5.00E+02
0.4	15.6	0.00E+00	5.00E+02
0.3	15.6	0.00E+00	5.00E+02
0.2	15.6	0.00E+00	5.00E+02
0.1	15.6	0.00E+00	5.00E+02
0	15.6	0.00E+00	5.00E+02
-0.1	15.6	0.00E+00	5.00E+02
-0.2	15.6	0.00E+00	5.00E+02
-0.3	15.6	0.00E+00	5.00E+02
-0.4	15.6	0.00E+00	5.00E+02
-0.5	15.6	0.00E+00	5.00E+02
0.5	15.5	0.00E+00	5.00E+02
0.4	15.5	0.00E+00	5.00E+02
0.3	15.5	0.00E+00	5.00E+02
0.2	15.5	0.00E+00	5.00E+02
0.1	15.5	0.00E+00	5.00E+02
0	15.5	0.00E+00	5.00E+02
-0.1	15.5	0.00E+00	5.00E+02
-0.2	15.5	0.00E+00	5.00E+02
-0.3	15.5	0.00E+00	5.00E+02
-0.4	15.5	0.00E+00	5.00E+02
-0.5	15.5	0.00E+00	5.00E+02
0.5	15.4	0.00E+00	5.00E+02
0.4	15.4	0.00E+00	5.00E+02
0.3	15.4	0.00E+00	5.00E+02
0.2	15.4	0.00E+00	5.00E+02
0.1	15.4	0.00E+00	5.00E+02
0	15.4	0.00E+00	5.00E+02
-0.1	15.4	0.00E+00	5.00E+02
-0.2	15.4	0.00E+00	5.00E+02
-0.3	15.4	0.00E+00	5.00E+02
-0.4	15.4	0.00E+00	5.00E+02
-0.5	15.4	0.00E+00	5.00E+02
0.5	15.3	0.00E+00	5.00E+02
0.4	15.3	0.00E+00	5.00E+02
0.3	15.3	0.00E+00	5.00E+02
0.2	15.3	0.00E+00	5.00E+02
0.1	15.3	0.00E+00	5.00E+02
0	15.3	0.00E+00	5.00E+02
-0.1	15.3	0.00E+00	5.00E+02
-0.2	15.3	0.00E+00	5.00E+02
-0.3	15.3	0.00E+00	5.00E+02
-0.4	15.3	0.00E+00	5.00E+02
-0.5	15.3	0.00E+00	5.00E+02
0.5	15.2	0.00E+00	5.00E+02
0.4	15.2	0.00E+00	5.00E+02
0.3	15.2	0.00E+00	5.00E+02
0.2	15.2	0.00E+00	5.00E+02
0.1	15.2	0.00E+00	5.00E+02
0	15.2	0.00E+00	5.00E+02
-0.1	15.2	0.00E+00	5.00E+02
-0.2	15.2	0.00E+00	5.00E+02
-0.3	15.2	0.00E+00	5.00E+02
-0.4	15.2	0.00E+00	5.00E+02
-0.5	15.2	0.00E+00	5.00E+02
0.5	15.1	0.00E+00	5.00E+02
0.4	15.1	0.00E+00	5.00E+02
0.3	15.1	0.00E+00	5.00E+02
0.2	15.1	0.00E+00	5.00E+02
0.1	15.1	0.00E+00	5.00E+02
0	15.1	0.00E+00	5.00E+02
-0.1	15.1	0.00E+00	5.00E+02
-0.2	15.1	0.00E+00	5.00E+02
-0.3	15.1	0.00E+00	5.00E+02
-0.4	15.1	0.00E+00	5.00E+02
-0.5	15.1	0.00E+00	5.00E+02
0.5	15	0.00E+00	5.00E+02
0.4	15	0.00E+00	5.00E+02
0.3	15	0.00E+00	5.00E+02
0.2	15	0.00E+00	5.00E+02
0.1	15	0.00E+00	5.00E+02
0	15	0.00E+00	5.00E+02
-0.1	15	0.00E+00	5.00E+02
-0.2	15	0.00E+00	5.00E+02
-0.3	15	0.00E+00	5.00E+02
-0.4	15	0.00E+00	5.00E+02
-0.5	15	0.00E+00	5.00E+02
0.5	14.9	0.00E+00	5.00E+02
0.4	14.9	0.00E+00	5.00E+02
0.3	14.9	0.00E+00	5.00E+02
0.2	14.9	0.00E+00	5.00E+02
0.1	14.9	0.00E+00	5.00E+02
0	14.9	0.00E+00	5.00E+02
-0.1	14.9	0.00E+00	5.00E+02
-0.2	14.9	0.00E+00	5.00E+02
-0.3	14.9	0.00E+00	5.00E+02
-0.4	14.9	0.00E+00	5.00E+02
-0.5	14.9	0.00E+00	5.00E+02
0.5	14.8	0.00E+00	5.00E+02
0.4	14.8	0.00E+00	5.00E+02
0.3	14.8	0.00E+00	5.00E+02
0.2	14.8	0.00E+00	5.00E+02
0.1	14.8	0.00E+00	5.00E+02
0	14.8	0.00E+00	5.00E+02
-0.1	14.8	0.00E+00	5.00E+02
-0.2	14.8	0.00E+00	5.00E+02
-0.3	14.8	0.00E+00	5.00E+02
-0.4	14.8	0.00E+00	5.00E+02
-0.5	14.8	0.00E+00	5.00E+02
0.5	14.7	0.00E+00	5.00E+02
0.4	14.7	0.00E+00	5.00E+02
0.3	14.7	0.00E+00	5.00E+02
0.2	14.7	0.00E+00	5.00E+02
0.1	14.7	0.00E+00	5.00E+02
0	14.7	0.00E+00	5.00E+02
-0.1	14.7	0.00E+00	5.00E+02
-0.2	14.7	0.00E+00	5.00E+02
-0.3	14.7	0.00E+00	5.00E+02
-0.4	14.7	0.00E+00	5.00E+02
-0.5	14.7	0.00E+00	5.00E+02
0.5	14.6	0.00E+00	5.00E+02
0.4	14.6	0.00E+00	5.00E+02
0.3	14.6	0.00E+00	5.00E+02
0.2	14.6	0.00E+00	5.00E+02
0.1	14.6	0.00E+00	5.00E+02
0	14.6	0.00E+00	5.00E+02
-0.1	14.6	0.00E+00	5.00E+02
-0.2	14.6	0.00E+00	5.00E+02
-0.3	14.6	0.00E+00	5.00E+02
-0.4	14.6	0.00E+00	5.00E+02
-0.5	14.6	0.00E+00	5.00E+02
0.5	14.5	0.00E+00	5.00E+02
0.4	14.5	0.00E+00	5.00E+02
0.3	14.5	0.00E+00	5.00E+02
0.2	14.5	0.00E+00	5.00E+02
0.1	14.5	0.00E+00	5.00E+02
0	14.5	0.00E+00	5.00E+02
-0.1	14.5	0.00E+00	5.00E+02
-0.2	14.5	0.00E+00	5.00E+02
-0.3	14.5	0.00E+00	5.00E+02
-0.4	14.5	0.00E+00	5.00E+02
-0.5	14.5	0.00E+00	5.00E+02
0.5	14.4	0.00E+00	5.00E+02
0.4	14.4	0.00E+00	5.00E+02
0.3	14.4	0.00E+00	5.00E+02
0.2	14.4	0.00E+00	5.00E+02
0.1	14.4	0.00E+00	5.00E+02
0	14.4	0.00E+00	5.00E+02
-0.1	14.4	0.00E+00	5.00E+02
-0.2	14.4	0.00E+00	5.00E+02
-0.3	14.4	0.00E+00	5.00E+02
-0.4	14.4	0.00E+00	5.00E+02
-0.5	14.4	0.00E+00	5.00E+02
0.5	14.3	0.00E+00	5.00E+02
0.4	14.3	0.00E+00	5.00E+02
0.3	14.3	0.00E+00	5.00E+02
0.2	14.3	0.00E+00	5.00E+02
0.1	14.3	0.00E+00	5.00E+02
0	14.3	0.00E+00	5.00E+02
-0.1	14.3	0.00E+00	5.00E+02
-0.2	14.3	0.00E+00	5.00E+02
-0.3	14.3	0.00E+00	5.00E+02
-0.4	14.3	0.00E+00	5.00E+02
-0.5	14.3	0.00E+00	5.00E+02
0.5	14.2	0.00E+00	5.00E+02
0.4	14.2	0.00E+00	5.00E+02
0.3	14.2	0.00E+00	5.00E+02
0.2	14.2	0.00E+00	5.00E+02
0.1	14.2	0.00E+00	5.00E+02
0	14.2	0.00E+00	5.00E+02
-0.1	14.2	0.00E+00	5.00E+02
-0.2	14.2	0.00E+00	5.00E+02
-0.3	14.2	0.00E+00	5.00E+02
-0.4	14.2	0.00E+00	5.00E+02
-0.5	14.2	0.00E+00	5.00E+02
0.5	14.1	0.00E+00	5.00E+02
0.4	14.1	0.00E+00	5.00E+02
0.3	14.1	0.00E+00	5.00E+02
0.2	14.1	0.00E+00	5.00E+02
0.1	14.1	0.00E+00	5.00E+02
0	14.1	0.00E+00	5.00E+02
-0.1	14.1	0.00E+00	5.00E+02
-0.2	14.1	0.00E+00	5.00E+02
-0.3	14.1	0.00E+00	5.00E+02
-0.4	14.1	0.00E+00	5.00E+02
-0.5	14.1	0.00E+00	5.00E+02
0.5	14	0.00E+00	5.00E+02
0.4	14	0.00E+00	5.00E+02
0.3	14	0.00E+00	5.00E+02
0.2	14	0.00E+00	5.00E+02
0.1	14	0.00E+00	5.00E+02
0	14	0.00E+00	5.00E+02
-0.1	14	0.00E+00	5.00E+02
-0.2	14	0.00E+00	5.00E+02
-0.3	14	0.00E+00	5.00E+02
-0.4	14	0.00E+00	5.00E+02
-0.5	14	0.00E+00	5.00E+02
0.5	13.9	0.00E+00	5.00E+02
0.4	13.9	0.00E+00	5.00E+02
0.3	13.9	0.00E+00	5.00E+02
0.2	13.9	0.00E+00	5.00E+02
0.1	13.9	0.00E+00	5.00E+02
0	13.9	0.00E+00	5.00E+02
-0.1	13.9	0.00E+00	5.00E+02
-0.2	13.9	0.00E+00	5.00E+02
-0.3	13.9	0.00E+00	5.00E+02
-0.4	13.9	0.00E+00	5.00E+02
-0.5	13.9	0.00E+00	5.00E+02
0.5	13.8	0.00E+00	5.00E+02
0.4	13.8	0.00E+00	5.00E+02
0.3	13.8	0.00E+00	5.00E+02
0.2	13.8	0.00E+00	5.00E+02
0.1	13.8	0.00E+00	5.00E+02
0	13.8	0.00E+00	5.00E+02
-0.1	13.8	0.00E+00	5.00E+02
-0.2	13.8	0.00E+00	5.00E+02
-0.3	13.8	0.00E+00	5.00E+02
-0.4	13.8	0.00E+00	5.00E+02
-0.5	13.8	0.00E+00	5.00E+02
0.5	13.7	0.00E+00	5.00E+02
0.4	13.7	0.00E+00	5.00E+02
0.3	13.7	0.00E+00	5.00E+02
0.2	13.7	0.00E+00	5.00E+02
0.1	13.7	0.00E+00	5.00E+02
0	13.7	0.00E+00	5.00E+02
-0.1	13.7	0.00E+00	5.00E+02
-0.2	13.7	0.00E+00	5.00E+02
-0.3	13.7	0.00E+00	5.00E+02
-0.4	13.7	0.00E+00	5.00E+02
-0.5	13.7	0.00E+00	5.00E+02
0.5	13.6	0.00E+00	5.00E+02
0.4	13.6	0.00E+00	5.00E+02
0.3	13.6	0.00E+00	5.00E+02
0.2	13.6	0.00E+00	5.00E+02
0.1	13.6	0.00E+00	5.00E+02
0	13.6	0.00E+00	5.00E+02
-0.1	13.6	0.00E+00	5.00E+02
-0.2	13.6	0.00E+00	5.00E+02
-0.3	13.6	0.00E+00	5.00E+02
-0.4	13.6	0.00E+00	5.00E+02
-0.5	13.6	0.00E+00	5.00E+02
0.5	13.5	0.00E+00	5.00E+02
0.4	13.5	0.00E+00	5.00E+02
0.3	13.5	0.00E+00	5.00E+02
0.2	13.5	0.00E+00	5.00E+02
0.1	13.5	0.00E+00	5.00E+02
0	13.5	0.00E+00	5.00E+02
-0.1	13.5	0.00E+00	5.00E+02
-0.2	13.5	0.00E+00	5.00E+02
-0.3	13.5	0.00E+00	5.00E+02
-0.4	13.5	0.00E+00	5.00E+02
-0.5	13.5	0.00E+00	5.00E+02
0.5	13.4	0.00E+00	5.00E+02
0.4	13.4	0.00E+00	5.00E+02
0.3	13.4	0.00E+00	5.00E+02
0.2	13.4	0.00E+00	5.00E+02
0.1	13.4	0.00E+00	5.00E+02
0	13.4	0.00E+00	5.00E+02
-0.1	13.4	0.00E+00	5.00E+02
-0.2	13.4	0.00E+00	5.00E+02
-0.3	13.4	0.00E+00	5.00E+02
-0.4	13.4	0.00E+00	5.00E+02
-0.5	13.4	0.00E+00	5.00E+02
0.5	13.3	0.00E+00	5.00E+02
0.4	13.3	0.00E+00	5.00E+02
0.3	13.3	0.00E+00	5.00E+02
0.2	13.3	0.00E+00	5.00E+02
0.1	13.3	0.00E+00	5.00E+02
0	13.3	0.00E+00	5.00E+02
-0.1	13.3	0.00E+00	5.00E+02
-0.2	13.3	0.00E+00	5.00E+02
-0.3	13.3	0.00E+00	5.00E+02
-0.4	13.3	0.00E+00	5.00E+02
-0.5	13.3	0.00E+00	5.00E+02
0.5	13.2	0.00E+00	5.00E+02
0.4	13.2	0.00E+00	5.00E+02
0.3	13.2	0.00E+00	5.00E+02
0.2	13.2	0.00E+00	5.00E+02
0.1	13.2	0.00E+00	5.00E+02
0	13.2	0.00E+00	5.00E+02
-0.1	13.2	0.00E+00	5.00E+02
-0.2	13.2	0.00E+00	5.00E+02
-0.3	13.2	0.00E+00	5.00E+02
-0.4	13.2	0.00E+00	5.00E+02
-0.5	13.2	0.00E+00	5.00E+02
0.5	13.1	0.00E+00	5.00E+02
0.4	13.1	0.00E+00	5.00E+02
0.3	13.1	0.00E+00	5.00E+02
0.2	13.1	0.00E+00	5.00E+02
0.1	13.1	0.00E+00	5.00E+02
0	13.1	0.00E+00	5.00E+02
-0.1	13.1	0.00E+00	5.00E+02
-0.2	13.1	0.00E+00	5.00E+02
-0.3	13.1	0.00E+00	5.00E+02
-0.4	13.1	0.00E+00	5.00E+02
-0.5	13.1	0.00E+00	5.00E+02
0.5	13	0.00E+00	5.00E+02
0.4	13	0.00E+00	5.00E+02
0.3	13	0.00E+00	5.00E+02
0.2	13	0.00E+00	5.00E+02
0.1	13	0.00E+00	5.00E+02
0	13	0.00E+00	5.00E+02
-0.1	13	0.00E+00	5.00E+02
-0.2	13	0.00E+00	5.00E+02
-0.3	13	0.00E+00	5.00E+02
-0.4	13	0.00E+00	5.00E+02
-0.5	13	0.00E+00	5.00E+02
0.5	12.9	0.00E+00	5.00E+02
0.4	12.9	0.00E+00	5.00E+02
0.3	12.9	0.00E+00	5.00E+02
0.2	12.9	0.00E+00	5.00E+02
0.1	12.9	0.00E+00	5.00E+02
0	12.9	0.00E+00	5.00E+02
-0.1	12.9	0.00E+00	5.00E+02
-0.2	12.9	0.00E+00	5.00E+02
-0.3	12.9	0.00E+00	5.00E+02
-0.4	12.9	0.00E+00	5.00E+02
-0.5	12.9	0.00E+00	5.00E+02
0.5	12.8	0.00E+00	5.00E+02
0.4	12.8	0.00E+00	5.00E+02
0.3	12.8	0.00E+00	5.00E+02
0.2	12.8	0.00E+00	5.00E+02
0.1	12.8	0.00E+00	5.00E+02
0	12.8	0.00E+00	5.00E+02
-0.1	12.8	0.00E+00	5.00E+02
-0.2	12.8	0.00E+00	5.00E+02
-0.3	12.8	0.00E+00	5.00E+02
-0.4	12.8	0.00E+00	5.00E+02
-0.5	12.8	0.00E+00	5.00E+02
0.5	12.7	0.00E+00	5.00E+02
0.4	12.7	0.00E+00	5.00E+02
0.3	12.7	0.00E+00	5.00E+02
0.2	12.7	0.00E+00	5.00E+02
0.1	12.7	0.00E+00	5.00E+02
0	12.7	0.00E+00	5.00E+02
-0.1	12.7	0.00E+00	5.00E+02
-0.2	12.7	0.00E+00	5.00E+02
-0.3	12.7	0.00E+00	5.00E+02
-0.4	12.7	0.00E+00	5.00E+02
-0.5	12.7	0.00E+00	5.00E+02
0.5	12.6	0.00E+00	5.00E+02
0.4	12.6	0.00E+00	5.00E+02
0.3	12.6	0.00E+00	5.00E+02
0.2	12.6	0.00E+00	5.00E+02
0.1	12.6	0.00E+00	5.00E+02
0	12.6	0.00E+00	5.00E+02
-0.1	12.6	0.00E+00	5.00E+02
-0.2	12.6	0.00E+00	5.00E+02
-0.3	12.6	0.00E+00	5.00E+02
-0.4	12.6	0.00E+00	5.00E+02
-0.5	12.6	0.00E+00	5.00E+02
0.5	12.5	0.00E+00	5.00E+02
0.4	12.5	0.00E+00	5.00E+02
0.3	12.5	0.00E+00	5.00E+02
0.2	12.5	0.00E+00	5.00E+02
0.1	12.5	0.00E+00	5.00E+02
0	12.5	0.00E+00	5.00E+02
-0.1	12.5	0.00E+00	5.00E+02
-0.2	12.5	0.00E+00	5.00E+02
-0.3	12.5	0.00E+00	5.00E+02
-0.4	12.5	0.00E+00	5.00E+02
-0.5	12.5	0.00E+00	5.00E+02
0.5	12.4	0.00E+00	5.00E+02
0.4	12.4	0.00E+00	5.00E+02
0.3	12.4	0.00E+00	5.00E+02
0.2	12.4	0.00E+00	5.00E+02
0.1	12.4	0.00E+00	5.00E+02
0	12.4	0.00E+00	5.00E+02
-0.1	12.4	0.00E+00	5.00E+02
-0.2	12.4	0.00E+00	5.00E+02
-0.3	12.4	0.00E+00	5.00E+02
-0.4	12.4	0.00E+00	5.00E+02
-0.5	12.4	0.00E+00	5.00E+02
0.5	12.3	0.00E+00	5.00E+02
0.4	12.3	0.00E+00	5.00E+02
0.3	12.3	0.00E+00	5.00E+02
0.2	12.3	0.00E+00	5.00E+02
0.1	12.3	0.00E+00	5.00E+02
0	12.3	0.00E+00	5.00E+02
-0.1	12.3	0.00E+00	5.00E+02
-0.2	12.3	0.00E+00	5.00E+02
-0.3	12.3	0.00E+00	5.00E+02
-0.4	12.3	0.00E+00	5.00E+02
-0.5	12.3	0.00E+00	5.00E+02
0.5	12.2	0.00E+00	5.00E+02
0.4	12.2	0.00E+00	5.00E+02
0.3	12.2	0.00E+00	5.00E+02
0.2	12.2	0.00E+00	5.00E+02
0.1	12.2	0.00E+00	5.00E+02
0	12.2	0.00E+00	5.00E+02
-0.1	12.2	0.00E+00	5.00E+02
-0.2	12.2	0.00E+00	5.00E+02
-0.3	12.2	0.00E+00	5.00E+02
-0.4	12.2	0.00E+00	5.00E+02
-0.5	12.2	0.00E+00	5.00E+02
0.5	12.1	0.00E+00	5.00E+02
0.4	12.1	0.00E+00	5.00E+02
0.3	12.1	0.00E+00	5.00E+02
0.2	12.1	0.00E+00	5.00E+02
0.1	12.1	0.00E+00	5.00E+02
0	12.1	0.00E+00	5.00E+02
-0.1	12.1	0.00E+00	5.00E+02
-0.2	12.1	0.00E+00	5.00E+02
-0.3	12.1	0.00E+00	5.00E+02
-0.4	12.1	0.00E+00	5.00E+02
-0.5	12.1	0.00E+00	5.00E+02
0.5	12	0.00E+00	5.00E+02
0.4	12	0.00E+00	5.00E+02
0.3	12	0.00E+00	5.00E+02
0.2	12	0.00E+00	5.00E+02
0.1	12	0.00E+00	5.00E+02
0	12	0.00E+00	5.00E+02
-0.1	12	0.00E+00	5.00E+02
-0.2	12	0.00E+00	5.00E+02
-0.3	12	0.00E+00	5.00E+02
-0.4	12	0.00E+00	5.00E+02
-0.5	12	0.00E+00	5.00E+02
0.5	11.9	0.00E+00	5.00E+02
0.4	11.9	0.00E+00	5.00E+02
0.3	11.9	0.00E+00	5.00E+02
0.2	11.9	0.00E+00	5.00E+02
0.1	11.9	0.00E+00	5.00E+02
0	11.9	0.00E+00	5.00E+02
-0.1	11.9	0.00E+00	5.00E+02
-0.2	11.9	0.00E+00	5.00E+02
-0.3	11.9	0.00E+00	5.00E+02
-0.4	11.9	0.00E+00	5.00E+02
-0.5	11.9	0.00E+00	5.00E+02
0.5	11.8	0.00E+00	5.00E+02
0.4	11.8	0.00E+00	5.00E+02
0.3	11.8	0.00E+00	5.00E+02
0.2	11.8	0.00E+00	5.00E+02
0.1	11.8	0.00E+00	5.00E+02
0	11.8	0.00E+00	5.00E+02
-0.1	11.8	0.00E+00	5.00E+02
-0.2	11.8	0.00E+00	5.00E+02
-0.3	11.8	0.00E+00	5.00E+02
-0.4	11.8	0.00E+00	5.00E+02
-0.5	11.8	0.00E+00	5.00E+02
0.5	11.7	0.00E+00	5.00E+02
0.4	11.7	0.00E+00	5.00E+02
0.3	11.7	0.00E+00	5.00E+02
0.2	11.7	0.00E+00	5.00E+02
0.1	11.7	0.00E+00	5.00E+02
0	11.7	0.00E+00	5.00E+02
-0.1	11.7	0.00E+00	5.00E+02
-0.2	11.7	0.00E+00	5.00E+02
-0.3	11.7	0.00E+00	5.00E+02
-0.4	11.7	0.00E+00	5.00E+02
-0.5	11.7	0.00E+00	5.00E+02
0.5	11.6	0.00E+00	5.00E+02
0.4	11.6	0.00E+00	5.00E+02
0.3	11.6	0.00E+00	5.00E+02
0.2	11.6	0.00E+00	5.00E+02
0.1	11.6	0.00E+00	5.00E+02
0	11.6	0.00E+00	5.00E+02
-0.1	11.6	0.00E+00	5.00E+02
-0.2	11.6	0.00E+00	5.00E+02
-0.3	11.6	0.00E+00	5.00E+02
-0.4	11.6	0.00E+00	5.00E+02
-0.5	11.6	0.00E+00	5.00E+02
0.5	11.5	0.00E+00	5.00E+02
0.4	11.5	0.00E+00	5.00E+02
0.3	11.5	0.00E+00	5.00E+02
0.2	11.5	0.00E+00	5.00E+02
0.1	11.5	0.00E+00	5.00E+02
0	11.5	0.00E+00	5.00E+02
-0.1	11.5	0.00E+00	5.00E+02
-0.2	11.5	0.00E+00	5.00E+02
-0.3	11.5	0.00E+00	5.00E+02
-0.4	11.5	0.00E+00	5.00E+02
-0.5	11.5	0.00E+00	5.00E+02
0.5	11.4	0.00E+00	5.00E+02
0.4	11.4	0.00E+00	5.00E+02
0.3	11.4	0.00E+00	5.00E+02
0.2	11.4	0.00E+00	5.00E+02
0.1	11.4	0.00E+00	5.00E+02
0	11.4	0.00E+00	5.00E+02
-0.1	11.4	0.00E+00	5.00E+02
-0.2	11.4	0.00E+00	5.00E+02
-0.3	11.4	0.00E+00	5.00E+02
-0.4	11.4	0.00E+00	5.00E+02
-0.5	11.4	0.00E+00	5.00E+02
0.5	11.3	0.00E+00	5.00E+02
0.4	11.3	0.00E+00	5.00E+02
0.3	11.3	0.00E+00	5.00E+02
0.2	11.3	0.00E+00	5.00E+02
0.1	11.3	0.00E+00	5.00E+02
0	11.3	0.00E+00	5.00E+02
-0.1	11.3	0.00E+00	5.00E+02
-0.2	11.3	0.00E+00	5.00E+02
-0.3	11.3	0.00E+00	5.00E+02
-0.4	11.3	0.00E+00	5.00E+02
-0.5	11.3	0.00E+00	5.00E+02
0.5	11.2	0.00E+00	5.00E+02
0.4	11.2	0.00E+00	5.00E+02
0.3	11.2	0.00E+00	5.00E+02
0.2	11.2	0.00E+00	5.00E+02
0.1	11.2	0.00E+00	5.00E+02
0	11.2	0.00E+00	5.00E+02
-0.1	11.2	0.00E+00	5.00E+02
-0.2	11.2	0.00E+00	5.00E+02
-0.3	11.2	0.00E+00	5.00E+02
-0.4	11.2	0.00E+00	5.00E+02
-0.5	11.2	0.00E+00	5.00E+02
0.5	11.1	0.00E+00	5.00E+02
0.4	11.1	0.00E+00	5.00E+02
0.3	11.1	0.00E+00	5.00E+02
0.2	11.1	0.00E+00	5.00E+02
0.1	11.1	0.00E+00	5.00E+02
0	11.1	0.00E+00	5.00E+02
-0.1	11.1	0.00E+00	5.00E+02
-0.2	11.1	0.00E+00	5.00E+02
-0.3	11.1	0.00E+00	5.00E+02
-0.4	11.1	0.00E+00	5.00E+02
-0.5	11.1	0.00E+00	5.00E+02
0.5	11	0.00E+00	5.00E+02
0.4	11	0.00E+00	5.00E+02
0.3	11	0.00E+00	5.00E+02
0.2	11	0.00E+00	5.00E+02
0.1	11	0.00E+00	5.00E+02
0	11	0.00E+00	5.00E+02
-0.1	11	0.00E+00	5.00E+02
-0.2	11	0.00E+00	5.00E+02
-0.3	11	0.00E+00	5.00E+02
-0.4	11	0.00E+00	5.00E+02
-0.5	11	0.00E+00	5.00E+02
0.5	10.9	0.00E+00	5.00E+02
0.4	10.9	0.00E+00	5.00E+02
0.3	10.9	0.00E+00	5.00E+02
0.2	10.9	0.00E+00	5.00E+02
0.1	10.9	0.00E+00	5.00E+02
0	10.9	0.00E+00	5.00E+02
-0.1	10.9	0.00E+00	5.00E+02
-0.2	10.9	0.00E+00	5.00E+02
-0.3	10.9	0.00E+00	5.00E+02
-0.4	10.9	0.00E+00	5.00E+02
-0.5	10.9	0.00E+00	5.00E+02
0.5	10.8	0.00E+00	5.00E+02
0.4	10.8	0.00E+00	5.00E+02
0.3	10.8	0.00E+00	5.00E+02
0.2	10.8	0.00E+00	5.00E+02
0.1	10.8	0.00E+00	5.00E+02
0	10.8	0.00E+00	5.00E+02
-0.1	10.8	0.00E+00	5.00E+02
-0.2	10.8	0.00E+00	5.00E+02
-0.3	10.8	0.00E+00	5.00E+02
-0.4	10.8	0.00E+00	5.00E+02
-0.5	10.8	0.00E+00	5.00E+02
0.5	10.7	0.00E+00	5.00E+02
0.4	10.7	0.00E+00	5.00E+02
0.3	10.7	0.00E+00	5.00E+02
0.2	10.7	0.00E+00	5.00E+02
0.1	10.7	0.00E+00	5.00E+02
0	10.7	0.00E+00	5.00E+02
-0.1	10.7	0.00E+00	5.00E+02
-0.2	10.7	0.00E+00	5.00E+02
-0.3	10.7	0.00E+00	5.00E+02
-0.4	10.7	0.00E+00	5.00E+02
-0.5	10.7	0.00E+00	5.00E+02
0.5	10.6	0.00E+00	5.00E+02
0.4	10.6	0.00E+00	5.00E+02
0.3	10.6	0.00E+00	5.00E+02
0.2	10.6	0.00E+00	5.00E+02
0.1	10.6	0.00E+00	5.00E+02
0	10.6	0.00E+00	5.00E+02
-0.1	10.6	0.00E+00	5.00E+02
-0.2	10.6	0.00E+00	5.00E+02
-0.3	10.6	0.00E+00	5.00E+02
-0.4	10.6	0.00E+00	5.00E+02
-0.5	10.6	0.00E+00	5.00E+02
0.5	10.5	0.00E+00	5.00E+02
0.4	10.5	0.00E+00	5.00E+02
0.3	10.5	0.00E+00	5.00E+02
0.2	10.5	0.00E+00	5.00E+02
0.1	10.5	0.00E+00	5.00E+02
0	10.5	0.00E+00	5.00E+02
-0.1	10.5	0.00E+00	5.00E+02
-0.2	10.5	0.00E+00	5.00E+02
-0.3	10.5	0.00E+00	5.00E+02
-0.4	10.5	0.00E+00	5.00E+02
-0.5	10.5	0.00E+00	5.00E+02
0.5	10.4	0.00E+00	5.00E+02
0.4	10.4	0.00E+00	5.00E+02
0.3	10.4	0.00E+00	5.00E+02
0.2	10.4	0.00E+00	5.00E+02
0.1	10.4	0.00E+00	5.00E+02
0	10.4	0.00E+00	5.00E+02
-0.1	10.4	0.00E+00	5.00E+02
-0.2	10.4	0.00E+00	5.00E+02
-0.3	10.4	0.00E+00	5.00E+02
-0.4	10.4	0.00E+00	5.00E+02
-0.5	10.4	0.00E+00	5.00E+02
0.5	10.3	0.00E+00	5.00E+02
0.4	10.3	0.00E+00	5.00E+02
0.3	10.3	0.00E+00	5.00E+02
0.2	10.3	0.00E+00	5.00E+02
0.1	10.3	0.00E+00	5.00E+02
0	10.3	0.00E+00	5.00E+02
-0.1	10.3	0.00E+00	5.00E+02
-0.2	10.3	0.00E+00	5.00E+02
-0.3	10.3	0.00E+00	5.00E+02
-0.4	10.3	0.00E+00	5.00E+02
-0.5	10.3	0.00E+00	5.00E+02
0.5	10.2	0.00E+00	5.00E+02
0.4	10.2	0.00E+00	5.00E+02
0.3	10.2	0.00E+00	5.00E+02
0.2	10.2	0.00E+00	5.00E+02
0.1	10.2	0.00E+00	5.00E+02
0	10.2	0.00E+00	5.00E+02
-0.1	10.2	0.00E+00	5.00E+02
-0.2	10.2	0.00E+00	5.00E+02
-0.3	10.2	0.00E+00	5.00E+02
-0.4	10.2	0.00E+00	5.00E+02
-0.5	10.2	0.00E+00	5.00E+02
0.5	10.1	0.00E+00	5.00E+02
0.4	10.1	0.00E+00	5.00E+02
0.3	10.1	0.00E+00	5.00E+02
0.2	10.1	0.00E+00	5.00E+02
0.1	10.1	0.00E+00	5.00E+02
0	10.1	0.00E+00	5.00E+02
-0.1	10.1	0.00E+00	5.00E+02
-0.2	10.1	0.00E+00	5.00E+02
-0.3	10.1	0.00E+00	5.00E+02
-0.4	10.1	0.00E+00	5.00E+02
-0.5	10.1	0.00E+00	5.00E+02
0.5	10	0.00E+00	5.00E+02
0.4	10	0.00E+00	5.00E+02
0.3	10	0.00E+00	5.00E+02
0.2	10	0.00E+00	5.00E+02
0.1	10	0.00E+00	5.00E+02
0	10	0.00E+00	5.00E+02
-0.1	10	0.00E+00	5.00E+02
-0.2	10	0.00E+00	5.00E+02
-0.3	10	0.00E+00	5.00E+02
-0.4	10	0.00E+00	5.00E+02
-0.5	10	0.00E+00	5.00E+02
0.5	9.9	0.00E+00	5.00E+02
0.4	9.9	0.00E+00	5.00E+02
0.3	9.9	0.00E+00	5.00E+02
0.2	9.9	0.00E+00	5.00E+02
0.1	9.9	0.00E+00	5.00E+02
0	9.9	0.00E+00	5.00E+02
-0.1	9.9	0.00E+00	5.00E+02
-0.2	9.9	0.00E+00	5.00E+02
-0.3	9.9	0.00E+00	5.00E+02
-0.4	9.9	0.00E+00	5.00E+02
-0.5	9.9	0.00E+00	5.00E+02
0.5	9.8	0.00E+00	5.00E+02
0.4	9.8	0.00E+00	5.00E+02
0.3	9.8	0.00E+00	5.00E+02
0.2	9.8	0.00E+00	5.00E+02
0.1	9.8	0.00E+00	5.00E+02
0	9.8	0.00E+00	5.00E+02
-0.1	9.8	0.00E+00	5.00E+02
-0.2	9.8	0.00E+00	5.00E+02
-0.3	9.8	0.00E+00	5.00E+02
-0.4	9.8	0.00E+00	5.00E+02
-0.5	9.8	0.00E+00	5.00E+02
0.5	9.7	0.00E+00	5.00E+02
0.4	9.7	0.00E+00	5.00E+02
0.3	9.7	0.00E+00	5.00E+02
0.2	9.7	0.00E+00	5.00E+02
0.1	9.7	0.00E+00	5.00E+02
0	9.7	0.00E+00	5.00E+02
-0.1	9.7	0.00E+00	5.00E+02
-0.2	9.7	0.00E+00	5.00E+02
-0.3	9.7	0.00E+00	5.00E+02
-0.4	9.7	0.00E+00	5.00E+02
-0.5	9.7	0.00E+00	5.00E+02
0.5	9.6	0.00E+00	5.00E+02
0.4	9.6	0.00E+00	5.00E+02
0.3	9.6	0.00E+00	5.00E+02
0.2	9.6	0.00E+00	5.00E+02
0.1	9.6	0.00E+00	5.00E+02
0	9.6	0.00E+00	5.00E+02
-0.1	9.6	0.00E+00	5.00E+02
-0.2	9.6	0.00E+00	5.00E+02
-0.3	9.6	0.00E+00	5.00E+02
-0.4	9.6	0.00E+00	5.00E+02
-0.5	9.6	0.00E+00	5.00E+02
0.5	9.5	0.00E+00	5.00E+02
0.4	9.5	0.00E+00	5.00E+02
0.3	9.5	0.00E+00	5.00E+02
0.2	9.5	0.00E+00	5.00E+02
0.1	9.5	0.00E+00	5.00E+02
0	9.5	0.00E+00	5.00E+02
-0.1	9.5	0.00E+00	5.00E+02
-0.2	9.5	0.00E+00	5.00E+02
-0.3	9.5	0.00E+00	5.00E+02
-0.4	9.5	0.00E+00	5.00E+02
-0.5	9.5	0.00E+00	5.00E+02
0.5	9.4	0.00E+00	5.00E+02
0.4	9.4	0.00E+00	5.00E+02
0.3	9.4	0.00E+00	5.00E+02
0.2	9.4	0.00E+00	5.00E+02
0.1	9.4	0.00E+00	5.00E+02
0	9.4	0.00E+00	5.00E+02
-0.1	9.4	0.00E+00	5.00E+02
-0.2	9.4	0.00E+00	5.00E+02
-0.3	9.4	0.00E+00	5.00E+02
-0.4	9.4	0.00E+00	5.00E+02
-0.5	9.4	0.00E+00	5.00E+02
0.5	9.3	0.00E+00	5.00E+02
0.4	9.3	0.00E+00	5.00E+02
0.3	9.3	0.00E+00	5.00E+02
0.2	9.3	0.00E+00	5.00E+02
0.1	9.3	0.00E+00	5.00E+02
0	9.3	0.00E+00	5.00E+02
-0.1	9.3	0.00E+00	5.00E+02
-0.2	9.3	0.00E+00	5.00E+02
-0.3	9.3	0.00E+00	5.00E+02
-0.4	9.3	0.00E+00	5.00E+02
-0.5	9.3	0.00E+00	5.00E+02
0.5	9.2	0.00E+00	5.00E+02
0.4	9.2	0.00E+00	5.00E+02
0.3	9.2	0.00E+00	5.00E+02
0.2	9.2	0.00E+00	5.00E+02
0.1	9.2	0.00E+00	5.00E+02
0	9.2	0.00E+00	5.00E+02
-0.1	9.2	0.00E+00	5.00E+02
-0.2	9.2	0.00E+00	5.00E+02
-0.3	9.2	0.00E+00	5.00E+02
-0.4	9.2	0.00E+00	5.00E+02
-0.5	9.2	0.00E+00	5.00E+02
0.5	9.1	0.00E+00	5.00E+02
0.4	9.1	0.00E+00	5.00E+02
0.3	9.1	0.00E+00	5.00E+02
0.2	9.1	0.00E+00	5.00E+02
0.1	9.1	0.00E+00	5.00E+02
0	9.1	0.00E+00	5.00E+02
-0.1	9.1	0.00E+00	5.00E+02
-0.2	9.1	0.00E+00	5.00E+02
-0.3	9.1	0.00E+00	5.00E+02
-0.4	9.1	0.00E+00	5.00E+02
-0.5	9.1	0.00E+00	5.00E+02
0.5	9	0.00E+00	5.00E+02
0.4	9	0.00E+00	5.00E+02
0.3	9	0.00E+00	5.00E+02
0.2	9	0.00E+00	5.00E+02
0.1	9	0.00E+00	5.00E+02
0	9	0.00E+00	5.00E+02
-0.1	9	0.00E+00	5.00E+02
-0.2	9	0.00E+00	5.00E+02
-0.3	9	0.00E+00	5.00E+02
-0.4	9	0.00E+00	5.00E+02
-0.5	9	0.00E+00	5.00E+02
0.5	8.9	0.00E+00	5.00E+02
0.4	8.9	0.00E+00	5.00E+02
0.3	8.9	0.00E+00	5.00E+02
0.2	8.9	0.00E+00	5.00E+02
0.1	8.9	0.00E+00	5.00E+02
0	8.9	0.00E+00	5.00E+02
-0.1	8.9	0.00E+00	5.00E+02
-0.2	8.9	0.00E+00	5.00E+02
-0.3	8.9	0.00E+00	5.00E+02
-0.4	8.9	0.00E+00	5.00E+02
-0.5	8.9	0.00E+00	5.00E+02
0.5	8.8	0.00E+00	5.00E+02
0.4	8.8	0.00E+00	5.00E+02
0.3	8.8	0.00E+00	5.00E+02
0.2	8.8	0.00E+00	5.00E+02
0.1	8.8	0.00E+00	5.00E+02
0	8.8	0.00E+00	5.00E+02
-0.1	8.8	0.00E+00	5.00E+02
-0.2	8.8	0.00E+00	5.00E+02
-0.3	8.8	0.00E+00	5.00E+02
-0.4	8.8	0.00E+00	5.00E+02
-0.5	8.8	0.00E+00	5.00E+02
0.5	8.7	0.00E+00	5.00E+02
0.4	8.7	0.00E+00	5.00E+02
0.3	8.7	0.00E+00	5.00E+02
0.2	8.7	0.00E+00	5.00E+02
0.1	8.7	0.00E+00	5.00E+02
0	8.7	0.00E+00	5.00E+02
-0.1	8.7	0.00E+00	5.00E+02
-0.2	8.7	0.00E+00	5.00E+02
-0.3	8.7	0.00E+00	5.00E+02
-0.4	8.7	0.00E+00	5.00E+02
-0.5	8.7	0.00E+00	5.00E+02
0.5	8.6	0.00E+00	5.00E+02
0.4	8.6	0.00E+00	5.00E+02
0.3	8.6	0.00E+00	5.00E+02
0.2	8.6	0.00E+00	5.00E+02
0.1	8.6	0.00E+00	5.00E+02
0	8.6	0.00E+00	5.00E+02
-0.1	8.6	0.00E+00	5.00E+02
-0.2	8.6	0.00E+00	5.00E+02
-0.3	8.6	0.00E+00	5.00E+02
-0.4	8.6	0.00E+00	5.00E+02
-0.5	8.6	0.00E+00	5.00E+02
0.5	8.5	0.00E+00	5.00E+02
0.4	8.5	0.00E+00	5.00E+02
0.3	8.5	0.00E+00	5.00E+02
0.2	8.5	0.00E+00	5.00E+02
0.1	8.5	0.00E+00	5.00E+02
0	8.5	0.00E+00	5.00E+02
-0.1	8.5	0.00E+00	5.00E+02
-0.2	8.5	0.00E+00	5.00E+02
-0.3	8.5	0.00E+00	5.00E+02
-0.4	8.5	0.00E+00	5.00E+02
-0.5	8.5	0.00E+00	5.00E+02
0.5	8.4	0.00E+00	5.00E+02
0.4	8.4	0.00E+00	5.00E+02
0.3	8.4	0.00E+00	5.00E+02
0.2	8.4	0.00E+00	5.00E+02
0.1	8.4	0.00E+00	5.00E+02
0	8.4	0.00E+00	5.00E+02
-0.1	8.4	0.00E+00	5.00E+02
-0.2	8.4	0.00E+00	5.00E+02
-0.3	8.4	0.00E+00	5.00E+02
-0.4	8.4	0.00E+00	5.00E+02
-0.5	8.4	0.00E+00	5.00E+02
0.5	8.3	0.00E+00	5.00E+02
0.4	8.3	0.00E+00	5.00E+02
0.3	8.3	0.00E+00	5.00E+02
0.2	8.3	0.00E+00	5.00E+02
0.1	8.3	0.00E+00	5.00E+02
0	8.3	0.00E+00	5.00E+02
-0.1	8.3	0.00E+00	5.00E+02
-0.2	8.3	0.00E+00	5.00E+02
-0.3	8.3	0.00E+00	5.00E+02
-0.4	8.3	0.00E+00	5.00E+02
-0.5	8.3	0.00E+00	5.00E+02
0.5	8.2	0.00E+00	5.00E+02
0.4	8.2	0.00E+00	5.00E+02
0.3	8.2	0.00E+00	5.00E+02
0.2	8.2	0.00E+00	5.00E+02
0.1	8.2	0.00E+00	5.00E+02
0	8.2	0.00E+00	5.00E+02
-0.1	8.2	0.00E+00	5.00E+02
-0.2	8.2	0.00E+00	5.00E+02
-0.3	8.2	0.00E+00	5.00E+02
-0.4	8.2	0.00E+00	5.00E+02
-0.5	8.2	0.00E+00	5.00E+02
0.5	8.1	0.00E+00	5.00E+02
0.4	8.1	0.00E+00	5.00E+02
0.3	8.1	0.00E+00	5.00E+02
0.2	8.1	0.00E+00	5.00E+02
0.1	8.1	0.00E+00	5.00E+02
0	8.1	0.00E+00	5.00E+02
-0.1	8.1	0.00E+00	5.00E+02
-0.2	8.1	0.00E+00	5.00E+02
-0.3	8.1	0.00E+00	5.00E+02
-0.4	8.1	0.00E+00	5.00E+02
-0.5	8.1	0.00E+00	5.00E+02
0.5	8	0.00E+00	5.00E+02
0.4	8	0.00E+00	5.00E+02
0.3	8	0.00E+00	5.00E+02
0.2	8	0.00E+00	5.00E+02
0.1	8	0.00E+00	5.00E+02
0	8	0.00E+00	5.00E+02
-0.1	8	0.00E+00	5.00E+02
-0.2	8	0.00E+00	5.00E+02
-0.3	8	0.00E+00	5.00E+02
-0.4	8	0.00E+00	5.00E+02
-0.5	8	0.00E+00	5.00E+02
0.5	7.9	0.00E+00	5.00E+02
0.4	7.9	0.00E+00	5.00E+02
0.3	7.9	0.00E+00	5.00E+02
0.2	7.9	0.00E+00	5.00E+02
0.1	7.9	0.00E+00	5.00E+02
0	7.9	0.00E+00	5.00E+02
-0.1	7.9	0.00E+00	5.00E+02
-0.2	7.9	0.00E+00	5.00E+02
-0.3	7.9	0.00E+00	5.00E+02
-0.4	7.9	0.00E+00	5.00E+02
-0.5	7.9	0.00E+00	5.00E+02
0.5	7.8	0.00E+00	5.00E+02
0.4	7.8	0.00E+00	5.00E+02
0.3	7.8	0.00E+00	5.00E+02
0.2	7.8	0.00E+00	5.00E+02
0.1	7.8	0.00E+00	5.00E+02
0	7.8	0.00E+00	5.00E+02
-0.1	7.8	0.00E+00	5.00E+02
-0.2	7.8	0.00E+00	5.00E+02
-0.3	7.8	0.00E+00	5.00E+02
-0.4	7.8	0.00E+00	5.00E+02
-0.5	7.8	0.00E+00	5.00E+02
0.5	7.7	0.00E+00	5.00E+02
0.4	7.7	0.00E+00	5.00E+02
0.3	7.7	0.00E+00	5.00E+02
0.2	7.7	0.00E+00	5.00E+02
0.1	7.7	0.00E+00	5.00E+02
0	7.7	0.00E+00	5.00E+02
-0.1	7.7	0.00E+00	5.00E+02
-0.2	7.7	0.00E+00	5.00E+02
-0.3	7.7	0.00E+00	5.00E+02
-0.4	7.7	0.00E+00	5.00E+02
-0.5	7.7	0.00E+00	5.00E+02
0.5	7.6	0.00E+00	5.00E+02
0.4	7.6	0.00E+00	5.00E+02
0.3	7.6	0.00E+00	5.00E+02
0.2	7.6	0.00E+00	5.00E+02
0.1	7.6	0.00E+00	5.00E+02
0	7.6	0.00E+00	5.00E+02
-0.1	7.6	0.00E+00	5.00E+02
-0.2	7.6	0.00E+00	5.00E+02
-0.3	7.6	0.00E+00	5.00E+02
-0.4	7.6	0.00E+00	5.00E+02
-0.5	7.6	0.00E+00	5.00E+02
0.5	7.5	0.00E+00	5.00E+02
0.4	7.5	0.00E+00	5.00E+02
0.3	7.5	0.00E+00	5.00E+02
0.2	7.5	0.00E+00	5.00E+02
0.1	7.5	0.00E+00	5.00E+02
0	7.5	0.00E+00	5.00E+02
-0.1	7.5	0.00E+00	5.00E+02
-0.2	7.5	0.00E+00	5.00E+02
-0.3	7.5	0.00E+00	5.00E+02
-0.4	7.5	0.00E+00	5.00E+02
-0.5	7.5	0.00E+00	5.00E+02
0.5	7.4	0.00E+00	5.00E+02
0.4	7.4	0.00E+00	5.00E+02
0.3	7.4	0.00E+00	5.00E+02
0.2	7.4	0.00E+00	5.00E+02
0.1	7.4	0.00E+00	5.00E+02
0	7.4	0.00E+00	5.00E+02
-0.1	7.4	0.00E+00	5.00E+02
-0.2	7.4	0.00E+00	5.00E+02
-0.3	7.4	0.00E+00	5.00E+02
-0.4	7.4	0.00E+00	5.00E+02
-0.5	7.4	0.00E+00	5.00E+02
0.5	7.3	0.00E+00	5.00E+02
0.4	7.3	0.00E+00	5.00E+02
0.3	7.3	0.00E+00	5.00E+02
0.2	7.3	0.00E+00	5.00E+02
0.1	7.3	0.00E+00	5.00E+02
0	7.3	0.00E+00	5.00E+02
-0.1	7.3	0.00E+00	5.00E+02
-0.2	7.3	0.00E+00	5.00E+02
-0.3	7.3	0.00E+00	5.00E+02
-0.4	7.3	0.00E+00	5.00E+02
-0.5	7.3	0.00E+00	5.00E+02
0.5	7.2	0.00E+00	5.00E+02
0.4	7.2	0.00E+00	5.00E+02
0.3	7.2	0.00E+00	5.00E+02
0.2	7.2	0.00E+00	5.00E+02
0.1	7.2	0.00E+00	5.00E+02
0	7.2	0.00E+00	5.00E+02
-0.1	7.2	0.00E+00	5.00E+02
-0.2	7.2	0.00E+00	5.00E+02
-0.3	7.2	0.00E+00	5.00E+02
-0.4	7.2	0.00E+00	5.00E+02
-0.5	7.2	0.00E+00	5.00E+02
0.5	7.1	0.00E+00	5.00E+02
0.4	7.1	0.00E+00	5.00E+02
0.3	7.1	0.00E+00	5.00E+02
0.2	7.1	0.00E+00	5.00E+02
0.1	7.1	0.00E+00	5.00E+02
0	7.1	0.00E+00	5.00E+02
-0.1	7.1	0.00E+00	5.00E+02
-0.2	7.1	0.00E+00	5.00E+02
-0.3	7.1	0.00E+00	5.00E+02
-0.4	7.1	0.00E+00	5.00E+02
-0.5	7.1	0.00E+00	5.00E+02
0.5	7	0.00E+00	5.00E+02
0.4	7	0.00E+00	5.00E+02
0.3	7	0.00E+00	5.00E+02
0.2	7	0.00E+00	5.00E+02
0.1	7	0.00E+00	5.00E+02
0	7	0.00E+00	5.00E+02
-0.1	7	0.00E+00	5.00E+02
-0.2	7	0.00E+00	5.00E+02
-0.3	7	0.00E+00	5.00E+02
-0.4	7	0.00E+00	5.00E+02
-0.5	7	0.00E+00	5.00E+02
0.5	6.9	0.00E+00	5.00E+02
0.4	6.9	0.00E+00	5.00E+02
0.3	6.9	0.00E+00	5.00E+02
0.2	6.9	0.00E+00	5.00E+02
0.1	6.9	0.00E+00	5.00E+02
0	6.9	0.00E+00	5.00E+02
-0.1	6.9	0.00E+00	5.00E+02
-0.2	6.9	0.00E+00	5.00E+02
-0.3	6.9	0.00E+00	5.00E+02
-0.4	6.9	0.00E+00	5.00E+02
-0.5	6.9	0.00E+00	5.00E+02
0.5	6.8	0.00E+00	5.00E+02
0.4	6.8	0.00E+00	5.00E+02
0.3	6.8	0.00E+00	5.00E+02
0.2	6.8	0.00E+00	5.00E+02
0.1	6.8	0.00E+00	5.00E+02
0	6.8	0.00E+00	5.00E+02
-0.1	6.8	0.00E+00	5.00E+02
-0.2	6.8	0.00E+00	5.00E+02
-0.3	6.8	0.00E+00	5.00E+02
-0.4	6.8	0.00E+00	5.00E+02
-0.5	6.8	0.00E+00	5.00E+02
0.5	6.7	0.00E+00	5.00E+02
0.4	6.7	0.00E+00	5.00E+02
0.3	6.7	0.00E+00	5.00E+02
0.2	6.7	0.00E+00	5.00E+02
0.1	6.7	0.00E+00	5.00E+02
0	6.7	0.00E+00	5.00E+02
-0.1	6.7	0.00E+00	5.00E+02
-0.2	6.7	0.00E+00	5.00E+02
-0.3	6.7	0.00E+00	5.00E+02
-0.4	6.7	0.00E+00	5.00E+02
-0.5	6.7	0.00E+00	5.00E+02
0.5	6.6	0.00E+00	5.00E+02
0.4	6.6	0.00E+00	5.00E+02
0.3	6.6	0.00E+00	5.00E+02
0.2	6.6	0.00E+00	5.00E+02
0.1	6.6	0.00E+00	5.00E+02
0	6.6	0.00E+00	5.00E+02
-0.1	6.6	0.00E+00	5.00E+02
-0.2	6.6	0.00E+00	5.00E+02
-0.3	6.6	0.00E+00	5.00E+02
-0.4	6.6	0.00E+00	5.00E+02
-0.5	6.6	0.00E+00	5.00E+02
0.5	6.5	0.00E+00	5.00E+02
0.4	6.5	0.00E+00	5.00E+02
0.3	6.5	0.00E+00	5.00E+02
0.2	6.5	0.00E+00	5.00E+02
0.1	6.5	0.00E+00	5.00E+02
0	6.5	0.00E+00	5.00E+02
-0.1	6.5	0.00E+00	5.00E+02
-0.2	6.5	0.00E+00	5.00E+02
-0.3	6.5	0.00E+00	5.00E+02
-0.4	6.5	0.00E+00	5.00E+02
-0.5	6.5	0.00E+00	5.00E+02
0.5	6.4	0.00E+00	5.00E+02
0.4	6.4	0.00E+00	5.00E+02
0.3	6.4	0.00E+00	5.00E+02
0.2	6.4	0.00E+00	5.00E+02
0.1	6.4	0.00E+00	5.00E+02
0	6.4	0.00E+00	5.00E+02
-0.1	6.4	0.00E+00	5.00E+02
-0.2	6.4	0.00E+00	5.00E+02
-0.3	6.4	0.00E+00	5.00E+02
-0.4	6.4	0.00E+00	5.00E+02
-0.5	6.4	0.00E+00	5.00E+02
0.5	6.3	0.00E+00	5.00E+02
0.4	6.3	0.00E+00	5.00E+02
0.3	6.3	0.00E+00	5.00E+02
0.2	6.3	0.00E+00	5.00E+02
0.1	6.3	0.00E+00	5.00E+02
0	6.3	0.00E+00	5.00E+02
-0.1	6.3	0.00E+00	5.00E+02
-0.2	6.3	0.00E+00	5.00E+02
-0.3	6.3	0.00E+00	5.00E+02
-0.4	6.3	0.00E+00	5.00E+02
-0.5	6.3	0.00E+00	5.00E+02
0.5	6.2	0.00E+00	5.00E+02
0.4	6.2	0.00E+00	5.00E+02
0.3	6.2	0.00E+00	5.00E+02
0.2	6.2	0.00E+00	5.00E+02
0.1	6.2	0.00E+00	5.00E+02
0	6.2	0.00E+00	5.00E+02
-0.1	6.2	0.00E+00	5.00E+02
-0.2	6.2	0.00E+00	5.00E+02
-0.3	6.2	0.00E+00	5.00E+02
-0.4	6.2	0.00E+00	5.00E+02
-0.5	6.2	0.00E+00	5.00E+02
0.5	6.1	0.00E+00	5.00E+02
0.4	6.1	0.00E+00	5.00E+02
0.3	6.1	0.00E+00	5.00E+02
0.2	6.1	0.00E+00	5.00E+02
0.1	6.1	0.00E+00	5.00E+02
0	6.1	0.00E+00	5.00E+02
-0.1	6.1	0.00E+00	5.00E+02
-0.2	6.1	0.00E+00	5.00E+02
-0.3	6.1	0.00E+00	5.00E+02
-0.4	6.1	0.00E+00	5.00E+02
-0.5	6.1	0.00E+00	5.00E+02
0.5	6	0.00E+00	5.00E+02
0.4	6	0.00E+00	5.00E+02
0.3	6	0.00E+00	5.00E+02
0.2	6	0.00E+00	5.00E+02
0.1	6	0.00E+00	5.00E+02
0	6	0.00E+00	5.00E+02
-0.1	6	0.00E+00	5.00E+02
-0.2	6	0.00E+00	5.00E+02
-0.3	6	0.00E+00	5.00E+02
-0.4	6	0.00E+00	5.00E+02
-0.5	6	0.00E+00	5.00E+02
0.5	5.9	0.00E+00	5.00E+02
0.4	5.9	0.00E+00	5.00E+02
0.3	5.9	0.00E+00	5.00E+02
0.2	5.9	0.00E+00	5.00E+02
0.1	5.9	0.00E+00	5.00E+02
0	5.9	0.00E+00	5.00E+02
-0.1	5.9	0.00E+00	5.00E+02
-0.2	5.9	0.00E+00	5.00E+02
-0.3	5.9	0.00E+00	5.00E+02
-0.4	5.9	0.00E+00	5.00E+02
-0.5	5.9	0.00E+00	5.00E+02
0.5	5.8	0.00E+00	5.00E+02
0.4	5.8	0.00E+00	5.00E+02
0.3	5.8	0.00E+00	5.00E+02
0.2	5.8	0.00E+00	5.00E+02
0.1	5.8	0.00E+00	5.00E+02
0	5.8	0.00E+00	5.00E+02
-0.1	5.8	0.00E+00	5.00E+02
-0.2	5.8	0.00E+00	5.00E+02
-0.3	5.8	0.00E+00	5.00E+02
-0.4	5.8	0.00E+00	5.00E+02
-0.5	5.8	0.00E+00	5.00E+02
0.5	5.7	0.00E+00	5.00E+02
0.4	5.7	0.00E+00	5.00E+02
0.3	5.7	0.00E+00	5.00E+02
0.2	5.7	0.00E+00	5.00E+02
0.1	5.7	0.00E+00	5.00E+02
0	5.7	0.00E+00	5.00E+02
-0.1	5.7	0.00E+00	5.00E+02
-0.2	5.7	0.00E+00	5.00E+02
-0.3	5.7	0.00E+00	5.00E+02
-0.4	5.7	0.00E+00	5.00E+02
-0.5	5.7	0.00E+00	5.00E+02
0.5	5.6	0.00E+00	5.00E+02
0.4	5.6	0.00E+00	5.00E+02
0.3	5.6	0.00E+00	5.00E+02
0.2	5.6	0.00E+00	5.00E+02
0.1	5.6	0.00E+00	5.00E+02
0	5.6	0.00E+00	5.00E+02
-0.1	5.6	0.00E+00	5.00E+02
-0.2	5.6	0.00E+00	5.00E+02
-0.3	5.6	0.00E+00	5.00E+02
-0.4	5.6	0.00E+00	5.00E+02
-0.5	5.6	0.00E+00	5.00E+02
0.5	5.5	0.00E+00	5.00E+02
0.4	5.5	0.00E+00	5.00E+02
0.3	5.5	0.00E+00	5.00E+02
0.2	5.5	0.00E+00	5.00E+02
0.1	5.5	0.00E+00	5.00E+02
0	5.5	0.00E+00	5.00E+02
-0.1	5.5	0.00E+00	5.00E+02
-0.2	5.5	0.00E+00	5.00E+02
-0.3	5.5	0.00E+00	5.00E+02
-0.4	5.5	0.00E+00	5.00E+02
-0.5	5.5	0.00E+00	5.00E+02
0.5	5.4	0.00E+00	5.00E+02
0.4	5.4	0.00E+00	5.00E+02
0.3	5.4	0.00E+00	5.00E+02
0.2	5.4	0.00E+00	5.00E+02
0.1	5.4	0.00E+00	5.00E+02
0	5.4	0.00E+00	5.00E+02
-0.1	5.4	0.00E+00	5.00E+02
-0.2	5.4	0.00E+00	5.00E+02
-0.3	5.4	0.00E+00	5.00E+02
-0.4	5.4	0.00E+00	5.00E+02
-0.5	5.4	0.00E+00	5.00E+02
0.5	5.3	0.00E+00	5.00E+02
0.4	5.3	0.00E+00	5.00E+02
0.3	5.3	0.00E+00	5.00E+02
0.2	5.3	0.00E+00	5.00E+02
0.1	5.3	0.00E+00	5.00E+02
0	5.3	0.00E+00	5.00E+02
-0.1	5.3	0.00E+00	5.00E+02
-0.2	5.3	0.00E+00	5.00E+02
-0.3	5.3	0.00E+00	5.00E+02
-0.4	5.3	0.00E+00	5.00E+02
-0.5	5.3	0.00E+00	5.00E+02
0.5	5.2	0.00E+00	5.00E+02
0.4	5.2	0.00E+00	5.00E+02
0.3	5.2	0.00E+00	5.00E+02
0.2	5.2	0.00E+00	5.00E+02
0.1	5.2	0.00E+00	5.00E+02
0	5.2	0.00E+00	5.00E+02
-0.1	5.2	0.00E+00	5.00E+02
-0.2	5.2	0.00E+00	5.00E+02
-0.3	5.2	0.00E+00	5.00E+02
-0.4	5.2	0.00E+00	5.00E+02
-0.5	5.2	0.00E+00	5.00E+02
0.5	5.1	0.00E+00	5.00E+02
0.4	5.1	0.00E+00	5.00E+02
0.3	5.1	0.00E+00	5.00E+02
0.2	5.1	0.00E+00	5.00E+02
0.1	5.1	0.00E+00	5.00E+02
0	5.1	0.00E+00	5.00E+02
-0.1	5.1	0.00E+00	5.00E+02
-0.2	5.1	0.00E+00	5.00E+02
-0.3	5.1	0.00E+00	5.00E+02
-0.4	5.1	0.00E+00	5.00E+02
-0.5	5.1	0.00E+00	5.00E+02
0.5	5	0.00E+00	5.00E+02
0.4	5	0.00E+00	5.00E+02
0.3	5	0.00E+00	5.00E+02
0.2	5	0.00E+00	5.00E+02
0.1	5	0.00E+00	5.00E+02
0	5	0.00E+00	5.00E+02
-0.1	5	0.00E+00	5.00E+02
-0.2	5	0.00E+00	5.00E+02
-0.3	5	0.00E+00	5.00E+02
-0.4	5	0.00E+00	5.00E+02
-0.5	5	0.00E+00	5.00E+02
0.5	4.9	0.00E+00	5.00E+02
0.4	4.9	0.00E+00	5.00E+02
0.3	4.9	0.00E+00	5.00E+02
0.2	4.9	0.00E+00	5.00E+02
0.1	4.9	0.00E+00	5.00E+02
0	4.9	0.00E+00	5.00E+02
-0.1	4.9	0.00E+00	5.00E+02
-0.2	4.9	0.00E+00	5.00E+02
-0.3	4.9	0.00E+00	5.00E+02
-0.4	4.9	0.00E+00	5.00E+02
-0.5	4.9	0.00E+00	5.00E+02
0.5	4.8	0.00E+00	5.00E+02
0.4	4.8	0.00E+00	5.00E+02
0.3	4.8	0.00E+00	5.00E+02
0.2	4.8	0.00E+00	5.00E+02
0.1	4.8	0.00E+00	5.00E+02
0	4.8	0.00E+00	5.00E+02
-0.1	4.8	0.00E+00	5.00E+02
-0.2	4.8	0.00E+00	5.00E+02
-0.3	4.8	0.00E+00	5.00E+02
-0.4	4.8	0.00E+00	5.00E+02
-0.5	4.8	0.00E+00	5.00E+02
0.5	4.7	0.00E+00	5.00E+02
0.4	4.7	0.00E+00	5.00E+02
0.3	4.7	0.00E+00	5.00E+02
0.2	4.7	0.00E+00	5.00E+02
0.1	4.7	0.00E+00	5.00E+02
0	4.7	0.00E+00	5.00E+02
-0.1	4.7	0.00E+00	5.00E+02
-0.2	4.7	0.00E+00	5.00E+02
-0.3	4.7	0.00E+00	5.00E+02
-0.4	4.7	0.00E+00	5.00E+02
-0.5	4.7	0.00E+00	5.00E+02
0.5	4.6	0.00E+00	5.00E+02
0.4	4.6	0.00E+00	5.00E+02
0.3	4.6	0.00E+00	5.00E+02
0.2	4.6	0.00E+00	5.00E+02
0.1	4.6	0.00E+00	5.00E+02
0	4.6	0.00E+00	5.00E+02
-0.1	4.6	0.00E+00	5.00E+02
-0.2	4.6	0.00E+00	5.00E+02
-0.3	4.6	0.00E+00	5.00E+02
-0.4	4.6	0.00E+00	5.00E+02
-0.5	4.6	0.00E+00	5.00E+02
0.5	4.5	0.00E+00	5.00E+02
0.4	4.5	0.00E+00	5.00E+02
0.3	4.5	0.00E+00	5.00E+02
0.2	4.5	0.00E+00	5.00E+02
0.1	4.5	0.00E+00	5.00E+02
0	4.5	0.00E+00	5.00E+02
-0.1	4.5	0.00E+00	5.00E+02
-0.2	4.5	0.00E+00	5.00E+02
-0.3	4.5	0.00E+00	5.00E+02
-0.4	4.5	0.00E+00	5.00E+02
-0.5	4.5	0.00E+00	5.00E+02
0.5	4.4	0.00E+00	5.00E+02
0.4	4.4	0.00E+00	5.00E+02
0.3	4.4	0.00E+00	5.00E+02
0.2	4.4	0.00E+00	5.00E+02
0.1	4.4	0.00E+00	5.00E+02
0	4.4	0.00E+00	5.00E+02
-0.1	4.4	0.00E+00	5.00E+02
-0.2	4.4	0.00E+00	5.00E+02
-0.3	4.4	0.00E+00	5.00E+02
-0.4	4.4	0.00E+00	5.00E+02
-0.5	4.4	0.00E+00	5.00E+02
0.5	4.3	0.00E+00	5.00E+02
0.4	4.3	0.00E+00	5.00E+02
0.3	4.3	0.00E+00	5.00E+02
0.2	4.3	0.00E+00	5.00E+02
0.1	4.3	0.00E+00	5.00E+02
0	4.3	0.00E+00	5.00E+02
-0.1	4.3	0.00E+00	5.00E+02
-0.2	4.3	0.00E+00	5.00E+02
-0.3	4.3	0.00E+00	5.00E+02
-0.4	4.3	0.00E+00	5.00E+02
-0.5	4.3	0.00E+00	5.00E+02
0.5	4.2	0.00E+00	5.00E+02
0.4	4.2	0.00E+00	5.00E+02
0.3	4.2	0.00E+00	5.00E+02
0.2	4.2	0.00E+00	5.00E+02
0.1	4.2	0.00E+00	5.00E+02
0	4.2	0.00E+00	5.00E+02
-0.1	4.2	0.00E+00	5.00E+02
-0.2	4.2	0.00E+00	5.00E+02
-0.3	4.2	0.00E+00	5.00E+02
-0.4	4.2	0.00E+00	5.00E+02
-0.5	4.2	0.00E+00	5.00E+02
0.5	4.1	0.00E+00	5.00E+02
0.4	4.1	0.00E+00	5.00E+02
0.3	4.1	0.00E+00	5.00E+02
0.2	4.1	0.00E+00	5.00E+02
0.1	4.1	0.00E+00	5.00E+02
0	4.1	0.00E+00	5.00E+02
-0.1	4.1	0.00E+00	5.00E+02
-0.2	4.1	0.00E+00	5.00E+02
-0.3	4.1	0.00E+00	5.00E+02
-0.4	4.1	0.00E+00	5.00E+02
-0.5	4.1	0.00E+00	5.00E+02
0.5	4	0.00E+00	5.00E+02
0.4	4	0.00E+00	5.00E+02
0.3	4	0.00E+00	5.00E+02
0.2	4	0.00E+00	5.00E+02
0.1	4	0.00E+00	5.00E+02
0	4	0.00E+00	5.00E+02
-0.1	4	0.00E+00	5.00E+02
-0.2	4	0.00E+00	5.00E+02
-0.3	4	0.00E+00	5.00E+02
-0.4	4	0.00E+00	5.00E+02
-0.5	4	0.00E+00	5.00E+02
0.5	3.9	0.00E+00	5.00E+02
0.4	3.9	0.00E+00	5.00E+02
0.3	3.9	0.00E+00	5.00E+02
0.2	3.9	0.00E+00	5.00E+02
0.1	3.9	0.00E+00	5.00E+02
0	3.9	0.00E+00	5.00E+02
-0.1	3.9	0.00E+00	5.00E+02
-0.2	3.9	0.00E+00	5.00E+02
-0.3	3.9	0.00E+00	5.00E+02
-0.4	3.9	0.00E+00	5.00E+02
-0.5	3.9	0.00E+00	5.00E+02
0.5	3.8	0.00E+00	5.00E+02
0.4	3.8	0.00E+00	5.00E+02
0.3	3.8	0.00E+00	5.00E+02
0.2	3.8	0.00E+00	5.00E+02
0.1	3.8	0.00E+00	5.00E+02
0	3.8	0.00E+00	5.00E+02
-0.1	3.8	0.00E+00	5.00E+02
-0.2	3.8	0.00E+00	5.00E+02
-0.3	3.8	0.00E+00	5.00E+02
-0.4	3.8	0.00E+00	5.00E+02
-0.5	3.8	0.00E+00	5.00E+02
0.5	3.7	0.00E+00	5.00E+02
0.4	3.7	0.00E+00	5.00E+02
0.3	3.7	0.00E+00	5.00E+02
0.2	3.7	0.00E+00	5.00E+02
0.1	3.7	0.00E+00	5.00E+02
0	3.7	0.00E+00	5.00E+02
-0.1	3.7	0.00E+00	5.00E+02
-0.2	3.7	0.00E+00	5.00E+02
-0.3	3.7	0.00E+00	5.00E+02
-0.4	3.7	0.00E+00	5.00E+02
-0.5	3.7	0.00E+00	5.00E+02
0.5	3.6	0.00E+00	5.00E+02
0.4	3.6	0.00E+00	5.00E+02
0.3	3.6	0.00E+00	5.00E+02
0.2	3.6	0.00E+00	5.00E+02
0.1	3.6	0.00E+00	5.00E+02
0	3.6	0.00E+00	5.00E+02
-0.1	3.6	0.00E+00	5.00E+02
-0.2	3.6	0.00E+00	5.00E+02
-0.3	3.6	0.00E+00	5.00E+02
-0.4	3.6	0.00E+00	5.00E+02
-0.5	3.6	0.00E+00	5.00E+02
0.5	3.5	0.00E+00	5.00E+02
0.4	3.5	0.00E+00	5.00E+02
0.3	3.5	0.00E+00	5.00E+02
0.2	3.5	0.00E+00	5.00E+02
0.1	3.5	0.00E+00	5.00E+02
0	3.5	0.00E+00	5.00E+02
-0.1	3.5	0.00E+00	5.00E+02
-0.2	3.5	0.00E+00	5.00E+02
-0.3	3.5	0.00E+00	5.00E+02
-0.4	3.5	0.00E+00	5.00E+02
-0.5	3.5	0.00E+00	5.00E+02
0.5	3.4	0.00E+00	5.00E+02
0.4	3.4	0.00E+00	5.00E+02
0.3	3.4	0.00E+00	5.00E+02
0.2	3.4	0.00E+00	5.00E+02
0.1	3.4	0.00E+00	5.00E+02
0	3.4	0.00E+00	5.00E+02
-0.1	3.4	0.00E+00	5.00E+02
-0.2	3.4	0.00E+00	5.00E+02
-0.3	3.4	0.00E+00	5.00E+02
-0.4	3.4	0.00E+00	5.00E+02
-0.5	3.4	0.00E+00	5.00E+02
0.5	3.3	0.00E+00	5.00E+02
0.4	3.3	0.00E+00	5.00E+02
0.3	3.3	0.00E+00	5.00E+02
0.2	3.3	0.00E+00	5.00E+02
0.1	3.3	0.00E+00	5.00E+02
0	3.3	0.00E+00	5.00E+02
-0.1	3.3	0.00E+00	5.00E+02
-0.2	3.3	0.00E+00	5.00E+02
-0.3	3.3	0.00E+00	5.00E+02
-0.4	3.3	0.00E+00	5.00E+02
-0.5	3.3	0.00E+00	5.00E+02
0.5	3.2	0.00E+00	5.00E+02
0.4	3.2	0.00E+00	5.00E+02
0.3	3.2	0.00E+00	5.00E+02
0.2	3.2	0.00E+00	5.00E+02
0.1	3.2	0.00E+00	5.00E+02
0	3.2	0.00E+00	5.00E+02
-0.1	3.2	0.00E+00	5.00E+02
-0.2	3.2	0.00E+00	5.00E+02
-0.3	3.2	0.00E+00	5.00E+02
-0.4	3.2	0.00E+00	5.00E+02
-0.5	3.2	0.00E+00	5.00E+02
0.5	3.1	0.00E+00	5.00E+02
0.4	3.1	0.00E+00	5.00E+02
0.3	3.1	0.00E+00	5.00E+02
0.2	3.1	0.00E+00	5.00E+02
0.1	3.1	0.00E+00	5.00E+02
0	3.1	0.00E+00	5.00E+02
-0.1	3.1	0.00E+00	5.00E+02
-0.2	3.1	0.00E+00	5.00E+02
-0.3	3.1	0.00E+00	5.00E+02
-0.4	3.1	0.00E+00	5.00E+02
-0.5	3.1	0.00E+00	5.00E+02
0.5	3	0.00E+00	5.00E+02
0.4	3	0.00E+00	5.00E+02
0.3	3	0.00E+00	5.00E+02
0.2	3	0.00E+00	5.00E+02
0.1	3	0.00E+00	5.00E+02
0	3	0.00E+00	5.00E+02
-0.1	3	0.00E+00	5.00E+02
-0.2	3	0.00E+00	5.00E+02
-0.3	3	0.00E+00	5.00E+02
-0.4	3	0.00E+00	5.00E+02
-0.5	3	0.00E+00	5.00E+02
0.5	2.9	0.00E+00	5.00E+02
0.4	2.9	0.00E+00	5.00E+02
0.3	2.9	0.00E+00	5.00E+02
0.2	2.9	0.00E+00	5.00E+02
0.1	2.9	0.00E+00	5.00E+02
0	2.9	0.00E+00	5.00E+02
-0.1	2.9	0.00E+00	5.00E+02
-0.2	2.9	0.00E+00	5.00E+02
-0.3	2.9	0.00E+00	5.00E+02
-0.4	2.9	0.00E+00	5.00E+02
-0.5	2.9	0.00E+00	5.00E+02
0.5	2.8	0.00E+00	5.00E+02
0.4	2.8	0.00E+00	5.00E+02
0.3	2.8	0.00E+00	5.00E+02
0.2	2.8	0.00E+00	5.00E+02
0.1	2.8	0.00E+00	5.00E+02
0	2.8	0.00E+00	5.00E+02
-0.1	2.8	0.00E+00	5.00E+02
-0.2	2.8	0.00E+00	5.00E+02
-0.3	2.8	0.00E+00	5.00E+02
-0.4	2.8	0.00E+00	5.00E+02
-0.5	2.8	0.00E+00	5.00E+02
0.5	2.7	0.00E+00	5.00E+02
0.4	2.7	0.00E+00	5.00E+02
0.3	2.7	0.00E+00	5.00E+02
0.2	2.7	0.00E+00	5.00E+02
0.1	2.7	0.00E+00	5.00E+02
0	2.7	0.00E+00	5.00E+02
-0.1	2.7	0.00E+00	5.00E+02
-0.2	2.7	0.00E+00	5.00E+02
-0.3	2.7	0.00E+00	5.00E+02
-0.4	2.7	0.00E+00	5.00E+02
-0.5	2.7	0.00E+00	5.00E+02
0.5	2.6	0.00E+00	5.00E+02
0.4	2.6	0.00E+00	5.00E+02
0.3	2.6	0.00E+00	5.00E+02
0.2	2.6	0.00E+00	5.00E+02
0.1	2.6	0.00E+00	5.00E+02
0	2.6	0.00E+00	5.00E+02
-0.1	2.6	0.00E+00	5.00E+02
-0.2	2.6	0.00E+00	5.00E+02
-0.3	2.6	0.00E+00	5.00E+02
-0.4	2.6	0.00E+00	5.00E+02
-0.5	2.6	0.00E+00	5.00E+02
0.5	2.5	-8.84E+00	5.00E+02
0.4	2.5	-7.07E+00	5.00E+02
0.3	2.5	-5.30E+00	5.00E+02
0.2	2.5	-3.54E+00	5.00E+02
0.1	2.5	-1.77E+00	5.00E+02
0	2.5	-5.41E-16	5.00E+02
-0.1	2.5	1.77E+00	5.00E+02
-0.2	2.5	3.54E+00	5.00E+02
-0.3	2.5	5.30E+00	5.00E+02
-0.4	2.5	7.07E+00	5.00E+02
-0.5	2.5	8.84E+00	5.00E+02
0.5	2.4	-1.84E+01	5.00E+02
0.4	2.4	-1.48E+01	5.00E+02
0.3	2.4	-1.11E+01	5.00E+02
0.2	2.4	-7.38E+00	5.00E+02
0.1	2.4	-3.69E+00	5.00E+02
0	2.4	-1.13E-15	5.00E+02
-0.1	2.4	3.69E+00	5.00E+02
-0.2	2.4	7.38E+00	5.00E+02
-0.3	2.4	1.11E+01	5.00E+02
-0.4	2.4	1.48E+01	5.00E+02
-0.5	2.4	1.84E+01	5.00E+02
0.5	2.3	-2.81E+01	5.00E+02
0.4	2.3	-2.24E+01	5.00E+02
0.3	2.3	-1.68E+01	5.00E+02
0.2	2.3	-1.12E+01	5.00E+02
0.1	2.3	-5.61E+00	5.00E+02
0	2.3	-1.72E-15	5.00E+02
-0.1	2.3	5.61E+00	5.00E+02
-0.2	2.3	1.12E+01	5.00E+02
-0.3	2.3	1.68E+01	5.00E+02
-0.4	2.3	2.24E+01	5.00E+02
-0.5	2.3	2.81E+01	5.00E+02
0.5	2.2	-3.77E+01	5.00E+02
0.4	2.2	-3.01E+01	5.00E+02
0.3	2.2	-2.26E+01	5.00E+02
0.2	2.2	-1.51E+01	5.00E+02
0.1	2.2	-7.53E+00	5.00E+02
0	2.2	-2.31E-15	5.00E+02
-0.1	2.2	7.53E+00	5.00E+02
-0.2	2.2	1.51E+01	5.00E+02
-0.3	2.2	2.26E+01	5.00E+02
-0.4	2.2	3.01E+01	5.00E+02
-0.5	2.2	3.77E+01	5.00E+02
0.5	2.1	-4.73E+01	5.00E+02
0.4	2.1	-3.78E+01	5.00E+02
0.3	2.1	-2.84E+01	5.00E+02
0.2	2.1	-1.89E+01	5.00E+02
0.1	2.1	-9.45E+00	5.00E+02
0	2.1	-2.89E-15	5.00E+02
-0.1	2.1	9.45E+00	5.00E+02
-0.2	2.1	1.89E+01	5.00E+02
-0.3	2.1	2.84E+01	5.00E+02
-0.4	2.1	3.78E+01	5.00E+02
-0.5	2.1	4.73E+01	5.00E+02
0.5	2	-5.69E+01	5.00E+02
0.4	2	-4.55E+01	5.00E+02
0.3	2	-3.41E+01	5.00E+02
0.2	2	-2.28E+01	5.00E+02
0.1	2	-1.14E+01	5.00E+02
0	2	-3.48E-15	5.00E+02
-0.1	2	1.14E+01	5.00E+02
-0.2	2	2.28E+01	5.00E+02
-0.3	2	3.41E+01	5.00E+02
-0.4	2	4.55E+01	5.00E+02
-0.5	2	5.69E+01	5.00E+02
0.5	1.9	-6.65E+01	5.00E+02
0.4	1.9	-5.32E+01	5.00E+02
0.3	1.9	-3.99E+01	5.00E+02
0.2	1.9	-2.66E+01	5.00E+02
0.1	1.9	-1.33E+01	5.00E+02
0	1.9	-4.07E-15	5.00E+02
-0.1	1.9	1.33E+01	5.00E+02
-0.2	1.9	2.66E+01	5.00E+02
-0.3	1.9	3.99E+01	5.00E+02
-0.4	1.9	5.32E+01	5.00E+02
-0.5	1.9	6.65E+01	5.00E+02
0.5	1.8	-7.61E+01	5.00E+02
0.4	1.8	-6.09E+01	5.00E+02
0.3	1.8	-4.57E+01	5.00E+02
0.2	1.8	-3.04E+01	5.00E+02
0.1	1.8	-1.52E+01	5.00E+02
0	1.8	-4.66E-15	5.00E+02
-0.1	1.8	1.52E+01	5.00E+02
-0.2	1.8	3.04E+01	5.00E+02
-0.3	1.8	4.57E+01	5.00E+02
-0.4	1.8	6.09E+01	5.00E+02
-0.5	1.8	7.61E+01	5.00E+02
0.5	1.7	-8.57E+01	5.00E+02
0.4	1.7	-6.86E+01	5.00E+02
0.3	1.7	-5.14E+01	5.00E+02
0.2	1.7	-3.43E+01	5.00E+02
0.1	1.7	-1.71E+01	5.00E+02
0	1.7	-5.25E-15	5.00E+02
-0.1	1.7	1.71E+01	5.00E+02
-0.2	1.7	3.43E+01	5.00E+02
-0.3	1.7	5.14E+01	5.00E+02
-0.4	1.7	6.86E+01	5.00E+02
-0.5	1.7	8.57E+01	5.00E+02
0.5	1.6	-9.53E+01	5.00E+02
0.4	1.6	-7.62E+01	5.00E+02
0.3	1.6	-5.72E+01	5.00E+02
0.2	1.6	-3.81E+01	5.00E+02
0.1	1.6	-1.91E+01	5.00E+02
0	1.6	-5.84E-15	5.00E+02
-0.1	1.6	1.91E+01	5.00E+02
-0.2	1.6	3.81E+01	5.00E+02
-0.3	1.6	5.72E+01	5.00E+02
-0.4	1.6	7.62E+01	5.00E+02
-0.5	1.6	9.53E+01	5.00E+02
0.5	1.5	-1.05E+02	5.00E+02
0.4	1.5	-8.39E+01	5.00E+02
0.3	1.5	-6.30E+01	5.00E+02
0.2	1.5	-4.20E+01	5.00E+02
0.1	1.5	-2.10E+01	5.00E+02
0	1.5	-6.42E-15	5.00E+02
-0.1	1.5	2.10E+01	5.00E+02
-0.2	1.5	4.20E+01	5.00E+02
-0.3	1.5	6.30E+01	5.00E+02
-0.4	1.5	8.39E+01	5.00E+02
-0.5	1.5	1.05E+02	5.00E+02
0.5	1.4	-1.15E+02	5.00E+02
0.4	1.4	-9.16E+01	5.00E+02
0.3	1.4	-6.87E+01	5.00E+02
0.2	1.4	-4.58E+01	5.00E+02
0.1	1.4	-2.29E+01	5.00E+02
0	1.4	-7.01E-15	5.00E+02
-0.1	1.4	2.29E+01	5.00E+02
-0.2	1.4	4.58E+01	5.00E+02
-0.3	1.4	6.87E+01	5.00E+02
-0.4	1.4	9.16E+01	5.00E+02
-0.5	1.4	1.15E+02	5.00E+02
0.5	1.3	-1.24E+02	5.00E+02
0.4	1.3	-9.93E+01	5.00E+02
0.3	1.3	-7.45E+01	5.00E+02
0.2	1.3	-4.97E+01	5.00E+02
0.1	1.3	-2.48E+01	5.00E+02
0	1.3	-7.60E-15	5.00E+02
-0.1	1.3	2.48E+01	5.00E+02
-0.2	1.3	4.97E+01	5.00E+02
-0.3	1.3	7.45E+01	5.00E+02
-0.4	1.3	9.93E+01	5.00E+02
-0.5	1.3	1.24E+02	5.00E+02
0.5	1.2	-1.25E+02	4.65E+02
0.4	1.2	-1.00E+02	4.65E+02
0.3	1.2	-7.50E+01	4.65E+02
0.2	1.2	-5.00E+01	4.65E+02
0.1	1.2	-2.50E+01	4.65E+02
0	1.2	-7.65E-15	4.65E+02
-0.1	1.2	2.50E+01	4.65E+02
-0.2	1.2	5.00E+01	4.65E+02
-0.3	1.2	7.50E+01	4.65E+02
-0.4	1.2	1.00E+02	4.65E+02
-0.5	1.2	1.25E+02	4.65E+02
0.5	1.1	-1.25E+02	4.27E+02
0.4	1.1	-1.00E+02	4.27E+02
0.3	1.1	-7.50E+01	4.27E+02
0.2	1.1	-5.00E+01	4.27E+02
0.1	1.1	-2.50E+01	4.27E+02
0	1.1	-7.65E-15	4.27E+02
-0.1	1.1	2.50E+01	4.27E+02
-0.2	1.1	5.00E+01	4.27E+02
-0.3	1.1	7.50E+01	4.27E+02
-0.4	1.1	1.00E+02	4.27E+02
-0.5	1.1	1.25E+02	4.27E+02
0.5	1	-1.25E+02	3.88E+02
0.4	1	-1.00E+02	3.88E+02
0.3	1	-7.50E+01	3.88E+02
0.2	1	-5.00E+01	3.88E+02
0.1	1	-2.50E+01	3.88E+02
0	1	-7.65E-15	3.88E+02
-0.1	1	2.50E+01	3.88E+02
-0.2	1	5.00E+01	3.88E+02
-0.3	1	7.50E+01	3.88E+02
-0.4	1	1.00E+02	3.88E+02
-0.5	1	1.25E+02	3.88E+02
0.5	0.9	-1.25E+02	3.50E+02
0.4	0.9	-1.00E+02	3.50E+02
0.3	0.9	-7.50E+01	3.50E+02
0.2	0.9	-5.00E+01	3.50E+02
0.1	0.9	-2.50E+01	3.50E+02
0	0.9	-7.65E-15	3.50E+02
-0.1	0.9	2.50E+01	3.50E+02
-0.2	0.9	5.00E+01	3.50E+02
-0.3	0.9	7.50E+01	3.50E+02
-0.4	0.9	1.00E+02	3.50E+02
-0.5	0.9	1.25E+02	3.50E+02
0.5	0.8	-1.25E+02	3.11E+02
0.4	0.8	-1.00E+02	3.11E+02
0.3	0.8	-7.50E+01	3.11E+02
0.2	0.8	-5.00E+01	3.11E+02
0.1	0.8	-2.50E+01	3.11E+02
0	0.8	-7.65E-15	3.11E+02
-0.1	0.8	2.50E+01	3.11E+02
-0.2	0.8	5.00E+01	3.11E+02
-0.3	0.8	7.50E+01	3.11E+02
-0.4	0.8	1.00E+02	3.11E+02
-0.5	0.8	1.25E+02	3.11E+02
0.5	0.7	-1.25E+02	2.73E+02
0.4	0.7	-1.00E+02	2.73E+02
0.3	0.7	-7.50E+01	2.73E+02
0.2	0.7	-5.00E+01	2.73E+02
0.1	0.7	-2.50E+01	2.73E+02
0	0.7	-7.65E-15	2.73E+02
-0.1	0.7	2.50E+01	2.73E+02
-0.2	0.7	5.00E+01	2.73E+02
-0.3	0.7	7.50E+01	2.73E+02
-0.4	0.7	1.00E+02	2.73E+02
-0.5	0.7	1.25E+02	2.73E+02
0.5	0.6	-1.25E+02	2.34E+02
0.4	0.6	-1.00E+02	2.34E+02
0.3	0.6	-7.50E+01	2.34E+02
0.2	0.6	-5.00E+01	2.34E+02
0.1	0.6	-2.50E+01	2.34E+02
0	0.6	-7.65E-15	2.34E+02
-0.1	0.6	2.50E+01	2.34E+02
-0.2	0.6	5.00E+01	2.34E+02
-0.3	0.6	7.50E+01	2.34E+02
-0.4	0.6	1.00E+02	2.34E+02
-0.5	0.6	1.25E+02	2.34E+02
0.5	0.5	-1.25E+02	1.96E+02
0.4	0.5	-1.00E+02	1.96E+02
0.3	0.5	-7.50E+01	1.96E+02
0.2	0.5	-5.00E+01	1.96E+02
0.1	0.5	-2.50E+01	1.96E+02
0	0.5	-7.65E-15	1.96E+02
-0.1	0.5	2.50E+01	1.96E+02
-0.2	0.5	5.00E+01	1.96E+02
-0.3	0.5	7.50E+01	1.96E+02
-0.4	0.5	1.00E+02	1.96E+02
-0.5	0.5	1.25E+02	1.96E+02
0.5	0.4	-1.25E+02	1.58E+02
0.4	0.4	-1.00E+02	1.58E+02
0.3	0.4	-7.50E+01	1.58E+02
0.2	0.4	-5.00E+01	1.58E+02
0.1	0.4	-2.50E+01	1.58E+02
0	0.4	-7.65E-15	1.58E+02
-0.1	0.4	2.50E+01	1.58E+02
-0.2	0.4	5.00E+01	1.58E+02
-0.3	0.4	7.50E+01	1.58E+02
-0.4	0.4	1.00E+02	1.58E+02
-0.5	0.4	1.25E+02	1.58E+02
0.5	0.3	-1.25E+02	1.19E+02
0.4	0.3	-1.00E+02	1.19E+02
0.3	0.3	-7.50E+01	1.19E+02
0.2	0.3	-5.00E+01	1.19E+02
0.1	0.3	-2.50E+01	1.19E+02
0	0.3	-7.65E-15	1.19E+02
-0.1	0.3	2.50E+01	1.19E+02
-0.2	0.3	5.00E+01	1.19E+02
-0.3	0.3	7.50E+01	1.19E+02
-0.4	0.3	1.00E+02	1.19E+02
-0.5	0.3	1.25E+02	1.19E+02
0.5	0.2	-1.25E+02	8.07E+01
0.4	0.2	-1.00E+02	8.07E+01
0.3	0.2	-7.50E+01	8.07E+01
0.2	0.2	-5.00E+01	8.07E+01
0.1	0.2	-2.50E+01	8.07E+01
0	0.2	-7.65E-15	8.07E+01
-0.1	0.2	2.50E+01	8.07E+01
-0.2	0.2	5.00E+01	8.07E+01
-0.3	0.2	7.50E+01	8.07E+01
-0.4	0.2	1.00E+02	8.07E+01
-0.5	0.2	1.25E+02	8.07E+01
0.5	0.1	-1.25E+02	4.23E+01
0.4	0.1	-1.00E+02	4.23E+01
0.3	0.1	-7.50E+01	4.23E+01
0.2	0.1	-5.00E+01	4.23E+01
0.1	0.1	-2.50E+01	4.23E+01
0	0.1	-7.65E-15	4.23E+01
-0.1	0.1	2.50E+01	4.23E+01
-0.2	0.1	5.00E+01	4.23E+01
-0.3	0.1	7.50E+01	4.23E+01
-0.4	0.1	1.00E+02	4.23E+01
-0.5	0.1	1.25E+02	4.23E+01
0.5	0	-1.25E+02	3.84E+00
0.4	0	-1.00E+02	3.84E+00
0.3	0	-7.50E+01	3.84E+00
0.2	0	-5.00E+01	3.84E+00
0.1	0	-2.50E+01	3.84E+00
0	0	-1.75E-14	3.84E+00
-0.1	0	2.50E+01	3.84E+00
-0.2	0	5.00E+01	3.84E+00
-0.3	0	7.50E+01	3.84E+00
-0.4	0	1.00E+02	3.84E+00
-0.5	0	1.25E+02	3.84E+00