-2	-2	-620.331	-619.546
-1.9	-2	-616.082	-587.357
-1.8	-2	-610.521	-554.367
-1.7	-2	-604.367	-521.309
-1.6	-2	-598.209	-488.035
-1.5	-2	-591.523	-454.586
-1.4	-2	-586.676	-423.947
-1.3	-2	-582.561	-393.392
-1.2	-2	-577.629	-360.707
-1.1	-2	-572.365	-326.403
-1	-2	-583.146	-251.597
-0.9	-2	-574.814	-213.859
-0.8	-2	-565.127	-177.448
-0.7	-2	-554.103	-149.999
-0.6	-2	-543.217	-126.08
-0.5	-2	-534.641	-102.51
-0.4	-2	-528.842	-80.8165
-0.3	-2	-525.023	-59.1954
-0.2	-2	-521.676	-39.4645
-0.1	-2	-518.637	-21.1251
0	-2	-516.865	-2.43149
0.1	-2	-517.65	17.7261
0.2	-2	-520.63	39.2523
0.3	-2	-525.58	62.0751
0.4	-2	-532.888	85.5568
0.5	-2	-541.764	110.427
0.6	-2	-552.106	135.147
0.7	-2	-557.762	161.663
0.8	-2	-564.327	187.582
0.9	-2	-572.296	213.803
1	-2	-580.455	239.818
1.1	-2	-567.034	322.354
1.2	-2	-574.513	360.407
1.3	-2	-581.588	396.032
1.4	-2	-587.456	428.351
1.5	-2	-593.375	459.099
1.6	-2	-598.628	489.445
1.7	-2	-604.049	521.078
1.8	-2	-609.646	553.904
1.9	-2	-614.768	587.013
2	-2	-619.416	620.403
-2	-1.9	-586.863	-614.625
-1.9	-1.9	-582.758	-582.6
-1.8	-1.9	-578.367	-550.878
-1.7	-1.9	-572.518	-517.644
-1.6	-1.9	-566.238	-484.164
-1.5	-1.9	-559.43	-450.51
-1.4	-1.9	-554.915	-420.429
-1.3	-1.9	-550.699	-390.006
-1.2	-1.9	-546.714	-358.871
-1.1	-1.9	-562.947	-281.89
-1	-1.9	-551.17	-254.869
-0.9	-1.9	-545.918	-225.946
-0.8	-1.9	-537.439	-191.686
-0.7	-1.9	-525.052	-164.072
-0.6	-1.9	-516.538	-136.096
-0.5	-1.9	-510.089	-109.902
-0.4	-1.9	-505.312	-85.5029
-0.3	-1.9	-501.975	-63.3012
-0.2	-1.9	-499.112	-42.091
-0.1	-1.9	-497.293	-21.0101
0	-1.9	-495.14	-1.5911
0.1	-1.9	-495.401	19.2581
0.2	-1.9	-498.181	41.4537
0.3	-1.9	-503.14	64.9213
0.4	-1.9	-510.638	89.374
0.5	-1.9	-517.051	113.139
0.6	-1.9	-519.642	138.78
0.7	-1.9	-521.501	165.752
0.8	-1.9	-536.056	189.798
0.9	-1.9	-543.399	218.832
1	-1.9	-551.758	247.607
1.1	-1.9	-561.621	276.015
1.2	-1.9	-544.028	360.689
1.3	-1.9	-550.112	394.008
1.4	-1.9	-556.207	425.627
1.5	-1.9	-561.713	455.171
1.6	-1.9	-567.112	485.727
1.7	-1.9	-572.572	517.432
1.8	-1.9	-578.051	550.145
1.9	-1.9	-583.114	583.207
2	-1.9	-586.64	615.661
-2	-1.8	-553.659	-609.407
-1.9	-1.8	-549.704	-577.549
-1.8	-1.8	-545.509	-545.848
-1.7	-1.8	-540.566	-513.658
-1.6	-1.8	-534.163	-479.973
-1.5	-1.8	-527.232	-446.114
-1.4	-1.8	-522.576	-415.955
-1.3	-1.8	-519.361	-387.083
-1.2	-1.8	-515.3	-356.143
-1.1	-1.8	-526.348	-286.033
-1	-1.8	-518.957	-256.877
-0.9	-1.8	-515.633	-231.589
-0.8	-1.8	-508.898	-200.953
-0.7	-1.8	-498.899	-170.152
-0.6	-1.8	-491.209	-141.477
-0.5	-1.8	-485.683	-114.678
-0.4	-1.8	-481.432	-89.8404
-0.3	-1.8	-477.842	-66.993
-0.2	-1.8	-476.067	-44.5071
-0.1	-1.8	-474.134	-21.0254
0	-1.8	-472.282	-0.743545
0.1	-1.8	-472.541	20.7524
0.2	-1.8	-475.459	43.5948
0.3	-1.8	-480.765	67.6963
0.4	-1.8	-487.872	92.9263
0.5	-1.8	-490.662	115.921
0.6	-1.8	-493.074	141.355
0.7	-1.8	-495.367	168.909
0.8	-1.8	-497.365	197.064
0.9	-1.8	-500.044	226.276
1	-1.8	-521.135	247.062
1.1	-1.8	-531.494	281.048
1.2	-1.8	-512.912	359.248
1.3	-1.8	-519.178	391.775
1.4	-1.8	-524.507	421.488
1.5	-1.8	-529.953	450.375
1.6	-1.8	-535.499	481.141
1.7	-1.8	-541.105	513.056
1.8	-1.8	-546.674	545.957
1.9	-1.8	-550.72	578.244
2	-1.8	-553.893	610.27
-2	-1.7	-520.809	-604.063
-1.9	-1.7	-516.963	-572.279
-1.8	-1.7	-512.636	-540.382
-1.7	-1.7	-507.827	-508.373
-1.6	-1.7	-501.984	-475.461
-1.5	-1.7	-494.931	-441.397
-1.4	-1.7	-490.307	-411.36
-1.3	-1.7	-487.297	-382.999
-1.2	-1.7	-500.303	-318.257
-1.1	-1.7	-484.574	-292.968
-1	-1.7	-483.292	-263.428
-0.9	-1.7	-482.952	-235.194
-0.8	-1.7	-480.757	-206.703
-0.7	-1.7	-471.883	-175.401
-0.6	-1.7	-465.506	-146.166
-0.5	-1.7	-460.347	-118.913
-0.4	-1.7	-456.435	-93.6448
-0.3	-1.7	-453.666	-70.1559
-0.2	-1.7	-452.069	-46.3403
-0.1	-1.7	-450.39	-22.308
0	-1.7	-449.122	0.0374188
0.1	-1.7	-449.309	22.181
0.2	-1.7	-451.927	45.6786
0.3	-1.7	-457.456	70.4352
0.4	-1.7	-461.405	95.0364
0.5	-1.7	-464.034	118.745
0.6	-1.7	-466.925	144.377
0.7	-1.7	-469.589	172.482
0.8	-1.7	-471.147	200.818
0.9	-1.7	-473.712	230.358
1	-1.7	-476.098	260.561
1.1	-1.7	-479.317	291.899
1.2	-1.7	-508.523	312.301
1.3	-1.7	-487.628	387.894
1.4	-1.7	-492.751	416.415
1.5	-1.7	-498.096	444.712
1.6	-1.7	-503.789	475.688
1.7	-1.7	-509.541	507.813
1.8	-1.7	-514.262	540.343
1.9	-1.7	-518.156	572.507
2	-1.7	-521.353	604.372
-2	-1.6	-488.087	-598.619
-1.9	-1.6	-484.108	-566.638
-1.8	-1.6	-479.647	-534.545
-1.7	-1.6	-474.705	-502.339
-1.6	-1.6	-469.281	-470.02
-1.5	-1.6	-462.526	-436.36
-1.4	-1.6	-457.876	-406.337
-1.3	-1.6	-473.79	-351.865
-1.2	-1.6	-456.276	-328.34
-1.1	-1.6	-454.146	-297.279
-1	-1.6	-452.518	-267.339
-0.9	-1.6	-451.107	-238.209
-0.8	-1.6	-450.639	-210.344
-0.7	-1.6	-445.66	-180.095
-0.6	-1.6	-439.716	-150.391
-0.5	-1.6	-435.164	-122.716
-0.4	-1.6	-431.542	-97.0059
-0.3	-1.6	-429.138	-72.4228
-0.2	-1.6	-427.724	-48.0106
-0.1	-1.6	-426.298	-23.4278
0	-1.6	-425.002	0.721824
0.1	-1.6	-425.58	23.5396
0.2	-1.6	-428.156	47.6953
0.3	-1.6	-432.201	72.6121
0.4	-1.6	-434.719	97.2443
0.5	-1.6	-437.168	121.611
0.6	-1.6	-439.697	147.158
0.7	-1.6	-442.339	175.632
0.8	-1.6	-444.766	204.747
0.9	-1.6	-448.311	235.12
1	-1.6	-450.43	265.583
1.1	-1.6	-453.083	297.041
1.2	-1.6	-455.698	329.234
1.3	-1.6	-488.38	345.71
1.4	-1.6	-460.97	410.449
1.5	-1.6	-466.142	438.181
1.6	-1.6	-471.981	469.367
1.7	-1.6	-477.315	501.922
1.8	-1.6	-481.623	534.179
1.9	-1.6	-485.53	566.34
2	-1.6	-488.884	598.194
-2	-1.5	-455.248	-592.803
-1.9	-1.5	-451.136	-560.626
-1.8	-1.5	-446.543	-528.337
-1.7	-1.5	-441.467	-495.934
-1.6	-1.5	-435.91	-463.419
-1.5	-1.5	-429.872	-430.791
-1.4	-1.5	-446.944	-386.966
-1.3	-1.5	-430.559	-365.786
-1.2	-1.5	-427.482	-332.866
-1.1	-1.5	-425.051	-301.164
-1	-1.5	-423.083	-270.557
-0.9	-1.5	-421.411	-240.937
-0.8	-1.5	-420.126	-212.352
-0.7	-1.5	-418.657	-184.218
-0.6	-1.5	-413.01	-154.021
-0.5	-1.5	-408.789	-125.887
-0.4	-1.5	-405.862	-99.7694
-0.3	-1.5	-404.338	-74.5648
-0.2	-1.5	-403.03	-49.5182
-0.1	-1.5	-401.858	-24.3848
0	-1.5	-400.603	0.965176
0.1	-1.5	-401.385	24.8255
0.2	-1.5	-403.902	49.5942
0.3	-1.5	-405.634	74.5146
0.4	-1.5	-407.815	99.5499
0.5	-1.5	-410.063	124.52
0.6	-1.5	-412.548	150.23
0.7	-1.5	-416.143	179.517
0.8	-1.5	-418.221	208.852
0.9	-1.5	-421.123	239.308
1	-1.5	-424.035	270.517
1.1	-1.5	-427.686	302.819
1.2	-1.5	-430.386	335.435
1.3	-1.5	-433.533	369.017
1.4	-1.5	-466.562	377.203
1.5	-1.5	-434.09	430.783
1.6	-1.5	-440.234	463.663
1.7	-1.5	-445.814	496.52
1.8	-1.5	-450.075	528.632
1.9	-1.5	-453.337	560.214
2	-1.5	-456.744	592.062
-2	-1.4	-425.246	-587.616
-1.9	-1.4	-421.745	-556.071
-1.8	-1.4	-417.361	-524.06
-1.7	-1.4	-412.349	-491.796
-1.6	-1.4	-406.89	-459.42
-1.5	-1.4	-407.469	-427.436
-1.4	-1.4	-404.804	-403.088
-1.3	-1.4	-402.936	-370.317
-1.2	-1.4	-400.035	-337.315
-1.1	-1.4	-396.78	-304.774
-1	-1.4	-394.734	-273.818
-0.9	-1.4	-392.668	-243.661
-0.8	-1.4	-390.657	-214.355
-0.7	-1.4	-389.633	-186.457
-0.6	-1.4	-386.445	-157.21
-0.5	-1.4	-382.478	-128.598
-0.4	-1.4	-380.434	-102.287
-0.3	-1.4	-379.178	-76.5214
-0.2	-1.4	-377.989	-50.8629
-0.1	-1.4	-377.071	-25.1789
0	-1.4	-376.07	0.721601
0.1	-1.4	-376.251	26.0214
0.2	-1.4	-377.452	51.1913
0.3	-1.4	-378.847	76.5149
0.4	-1.4	-380.691	101.953
0.5	-1.4	-382.719	127.47
0.6	-1.4	-384.766	153.348
0.7	-1.4	-387.877	182.709
0.8	-1.4	-391.072	212.931
0.9	-1.4	-395.089	244.277
1	-1.4	-397.896	275.818
1.1	-1.4	-401.247	308.361
1.2	-1.4	-404.742	341.728
1.3	-1.4	-407.444	375.32
1.4	-1.4	-407.676	407.17
1.5	-1.4	-423.907	417.348
1.6	-1.4	-409.931	459.292
1.7	-1.4	-415.037	491.571
1.8	-1.4	-419.025	523.303
1.9	-1.4	-422.028	554.528
2	-1.4	-425	585.955
-2	-1.3	-394.508	-582.456
-1.9	-1.3	-391.455	-551.248
-1.8	-1.3	-388.493	-520.344
-1.7	-1.3	-384.347	-488.743
-1.6	-1.3	-360.527	-467.817
-1.5	-1.3	-367.451	-430.544
-1.4	-1.3	-371.776	-402.401
-1.3	-1.3	-370.372	-369.794
-1.2	-1.3	-368.687	-337.752
-1.1	-1.3	-367.255	-306.638
-1	-1.3	-365.725	-276.037
-0.9	-1.3	-364.099	-245.947
-0.8	-1.3	-361.953	-216.248
-0.7	-1.3	-360.081	-187.541
-0.6	-1.3	-358.633	-159.69
-0.5	-1.3	-355.601	-131.029
-0.4	-1.3	-354.646	-104.619
-0.3	-1.3	-353.656	-78.2927
-0.2	-1.3	-352.632	-52.0495
-0.1	-1.3	-351.936	-25.8102
0	-1.3	-351.188	0.640848
0.1	-1.3	-350.283	26.9225
0.2	-1.3	-350.783	52.8862
0.3	-1.3	-351.841	78.6129
0.4	-1.3	-353.348	104.455
0.5	-1.3	-355.137	130.462
0.6	-1.3	-356.94	156.962
0.7	-1.3	-361.054	186.813
0.8	-1.3	-364.002	217.298
0.9	-1.3	-367.446	248.518
1	-1.3	-370.714	280.343
1.1	-1.3	-373.842	312.751
1.2	-1.3	-373.975	342.921
1.3	-1.3	-373.68	373.572
1.4	-1.3	-372.508	404.192
1.5	-1.3	-367.478	431.443
1.6	-1.3	-367.036	461.65
1.7	-1.3	-384.801	487.376
1.8	-1.3	-388.499	518.546
1.9	-1.3	-390.816	548.876
2	-1.3	-393.374	579.669
-2	-1.2	-361.657	-576.386
-1.9	-1.2	-360.39	-546.531
-1.8	-1.2	-357.816	-515.892
-1.7	-1.2	-318.401	-503.503
-1.6	-1.2	-328.971	-456.511
-1.5	-1.2	-334.26	-428.658
-1.4	-1.2	-338.01	-400.316
-1.3	-1.2	-338.884	-369.515
-1.2	-1.2	-337.418	-337.536
-1.1	-1.2	-336.122	-306.436
-1	-1.2	-335.083	-276.307
-0.9	-1.2	-333.947	-246.691
-0.8	-1.2	-332.714	-217.587
-0.7	-1.2	-331.384	-188.995
-0.6	-1.2	-329.958	-160.916
-0.5	-1.2	-329.062	-133.518
-0.4	-1.2	-328.318	-106.585
-0.3	-1.2	-327.528	-79.7626
-0.2	-1.2	-326.692	-53.0507
-0.1	-1.2	-325.942	-26.2398
0	-1.2	-324.89	0.372772
0.1	-1.2	-324.244	26.7323
0.2	-1.2	-324.657	53.115
0.3	-1.2	-325.239	79.7931
0.4	-1.2	-325.991	106.767
0.5	-1.2	-327.316	133.497
0.6	-1.2	-328.997	160.369
0.7	-1.2	-332.243	189.429
0.8	-1.2	-335.601	220.126
0.9	-1.2	-338.568	250.908
1	-1.2	-339.853	280.684
1.1	-1.2	-340.578	310.655
1.2	-1.2	-340.644	340.828
1.3	-1.2	-340.005	371.157
1.4	-1.2	-337.888	400.696
1.5	-1.2	-333.424	428.272
1.6	-1.2	-328.656	456.396
1.7	-1.2	-317.749	499.874
1.8	-1.2	-358.147	513.619
1.9	-1.2	-360.741	543.817
2	-1.2	-362.23	573.323
-2	-1.1	-327.425	-570.065
-1.9	-1.1	-276.412	-569.148
-1.8	-1.1	-281.034	-534.034
-1.7	-1.1	-292.328	-483.377
-1.6	-1.1	-297.14	-454.774
-1.5	-1.1	-301.872	-426.365
-1.4	-1.1	-305.044	-397.81
-1.3	-1.1	-307.798	-368.73
-1.2	-1.1	-306.794	-337.096
-1.1	-1.1	-305.941	-306.314
-1	-1.1	-305.238	-276.385
-0.9	-1.1	-304.595	-247.225
-0.8	-1.1	-303.884	-218.578
-0.7	-1.1	-303.202	-190.117
-0.6	-1.1	-302.295	-161.767
-0.5	-1.1	-301.499	-134.302
-0.4	-1.1	-300.808	-107.364
-0.3	-1.1	-300.071	-80.5359
-0.2	-1.1	-299.523	-53.6263
-0.1	-1.1	-299.185	-26.5888
0	-1.1	-298.412	0.161732
0.1	-1.1	-298.028	26.6171
0.2	-1.1	-298.477	53.1614
0.3	-1.1	-299.096	80.001
0.4	-1.1	-299.763	107.189
0.5	-1.1	-300.483	134.601
0.6	-1.1	-301.499	162.317
0.7	-1.1	-302.756	190.87
0.8	-1.1	-305.23	220.308
0.9	-1.1	-307.011	249.704
1	-1.1	-308.143	279.243
1.1	-1.1	-308.57	308.938
1.2	-1.1	-308.293	338.789
1.3	-1.1	-307.311	368.796
1.4	-1.1	-304.57	397.213
1.5	-1.1	-300.904	425.544
1.6	-1.1	-296.752	454.219
1.7	-1.1	-292.576	483.516
1.8	-1.1	-276.693	532.312
1.9	-1.1	-271.326	569.215
2	-1.1	-331.875	567.364
-2	-1	-246.799	-587.392
-1.9	-1	-249.199	-559.935
-1.8	-1	-250.095	-524.467
-1.7	-1	-261.966	-482.138
-1.6	-1	-266.483	-453.365
-1.5	-1	-270.598	-424.393
-1.4	-1	-273.537	-395.962
-1.3	-1	-276.122	-366.747
-1.2	-1	-276.573	-336.149
-1.1	-1	-276.182	-305.712
-1	-1	-275.942	-276.127
-0.9	-1	-276.082	-247.607
-0.8	-1	-275.915	-219.177
-0.7	-1	-275.403	-190.767
-0.6	-1	-274.666	-162.469
-0.5	-1	-273.955	-134.984
-0.4	-1	-273.317	-108.04
-0.3	-1	-272.723	-81.1348
-0.2	-1	-272.407	-54.0529
-0.1	-1	-272.111	-26.9923
0	-1	-271.788	0.0168412
0.1	-1	-271.633	26.5768
0.2	-1	-272.059	53.3551
0.3	-1	-272.529	80.435
0.4	-1	-273.102	107.691
0.5	-1	-273.779	135.122
0.6	-1	-274.56	162.728
0.7	-1	-275.282	191.055
0.8	-1	-275.294	219.653
0.9	-1	-276.668	248.686
1	-1	-277.457	277.902
1.1	-1	-277.541	307.275
1.2	-1	-276.921	336.804
1.3	-1	-275.526	366.324
1.4	-1	-273.187	394.735
1.5	-1	-269.979	423.401
1.6	-1	-266.385	452.582
1.7	-1	-262.701	482.322
1.8	-1	-249.609	523.665
1.9	-1	-244.067	558.092
2	-1	-242.616	587.073
-2	-0.9	-216.432	-583.257
-1.9	-0.9	-223.101	-552.159
-1.8	-0.9	-228.639	-510.911
-1.7	-0.9	-232.702	-481.187
-1.6	-0.9	-236.526	-451.445
-1.5	-0.9	-240.332	-422.459
-1.4	-0.9	-242.64	-393.422
-1.3	-0.9	-245.178	-364.57
-1.2	-0.9	-246.754	-334.697
-1.1	-0.9	-246.825	-304.605
-1	-0.9	-247.256	-275.89
-0.9	-0.9	-247.728	-247.806
-0.8	-0.9	-247.956	-219.671
-0.7	-0.9	-247.616	-191.312
-0.6	-0.9	-247.049	-163.066
-0.5	-0.9	-246.429	-135.564
-0.4	-0.9	-245.844	-108.615
-0.3	-0.9	-245.534	-81.502
-0.2	-0.9	-245.26	-54.3969
-0.1	-0.9	-245.006	-27.3131
0	-0.9	-244.806	-0.236733
0.1	-0.9	-244.909	26.8422
0.2	-0.9	-245.233	53.766
0.3	-0.9	-245.66	80.8653
0.4	-0.9	-246.191	108.14
0.5	-0.9	-246.826	135.591
0.6	-0.9	-247.563	163.217
0.7	-0.9	-247.881	191.106
0.8	-0.9	-247.801	219.522
0.9	-0.9	-247.537	247.842
1	-0.9	-247.751	276.615
1.1	-0.9	-247.492	305.666
1.2	-0.9	-246.53	334.872
1.3	-0.9	-244.885	363.713
1.4	-0.9	-243.083	392.275
1.5	-0.9	-240.615	421.834
1.6	-0.9	-237.703	451.808
1.7	-0.9	-234.543	482.117
1.8	-0.9	-231.3	513.114
1.9	-0.9	-223.029	546.73
2	-0.9	-212.127	579.477
-2	-0.8	-180.883	-571.393
-1.9	-0.8	-194.501	-544.34
-1.8	-0.8	-200.524	-510.123
-1.7	-0.8	-204.276	-480.072
-1.6	-0.8	-207.766	-449.983
-1.5	-0.8	-211.133	-420.648
-1.4	-0.8	-213.013	-391.307
-1.3	-0.8	-215.222	-362.328
-1.2	-0.8	-217.162	-332.69
-1.1	-0.8	-218.055	-303.723
-1	-0.8	-218.875	-275.811
-0.9	-0.8	-219.463	-247.859
-0.8	-0.8	-219.819	-219.866
-0.7	-0.8	-219.839	-191.752
-0.6	-0.8	-219.444	-163.557
-0.5	-0.8	-218.921	-136.042
-0.4	-0.8	-218.567	-108.936
-0.3	-0.8	-218.316	-81.7866
-0.2	-0.8	-218.084	-54.6583
-0.1	-0.8	-218.002	-27.4768
0	-0.8	-218.008	-0.27279
0.1	-0.8	-218.057	26.9338
0.2	-0.8	-218.158	54.1253
0.3	-0.8	-218.542	81.244
0.4	-0.8	-219.031	108.538
0.5	-0.8	-219.622	136.008
0.6	-0.8	-220.053	163.551
0.7	-0.8	-220.176	191.318
0.8	-0.8	-220.019	219.416
0.9	-0.8	-219.665	247.571
1	-0.8	-219.128	275.629
1.1	-0.8	-218.424	304.111
1.2	-0.8	-217.118	332.995
1.3	-0.8	-216.138	362.083
1.4	-0.8	-214.771	390.676
1.5	-0.8	-212.775	420.829
1.6	-0.8	-210.269	451.168
1.7	-0.8	-206.235	479.553
1.8	-0.8	-201.875	507.725
1.9	-0.8	-194.819	534.935
2	-0.8	-185.092	567.908
-2	-0.7	-157.657	-556.605
-1.9	-0.7	-165.993	-526.724
-1.8	-0.7	-170.32	-499.594
-1.7	-0.7	-174.488	-472.943
-1.6	-0.7	-178.365	-444.923
-1.5	-0.7	-183.074	-418.298
-1.4	-0.7	-185.053	-389.219
-1.3	-0.7	-187.079	-359.977
-1.2	-0.7	-189.159	-330.578
-1.1	-0.7	-190.086	-302.911
-1	-0.7	-190.761	-275.363
-0.9	-0.7	-191.299	-247.745
-0.8	-0.7	-191.758	-219.907
-0.7	-0.7	-191.999	-192.005
-0.6	-0.7	-191.85	-163.942
-0.5	-0.7	-191.505	-136.355
-0.4	-0.7	-191.276	-109.161
-0.3	-0.7	-191.091	-81.9677
-0.2	-0.7	-191.039	-54.6937
-0.1	-0.7	-191.004	-27.4359
0	-0.7	-190.986	-0.194368
0.1	-0.7	-191.038	27.04
0.2	-0.7	-191.091	54.2973
0.3	-0.7	-191.175	81.571
0.4	-0.7	-191.62	108.885
0.5	-0.7	-192.026	136.337
0.6	-0.7	-192.121	163.766
0.7	-0.7	-192.136	191.448
0.8	-0.7	-191.919	219.434
0.9	-0.7	-191.505	247.325
1	-0.7	-190.878	275.219
1.1	-0.7	-190.067	303.017
1.2	-0.7	-189.066	331.237
1.3	-0.7	-187.559	359.802
1.4	-0.7	-185.391	387.51
1.5	-0.7	-182.713	415.648
1.6	-0.7	-179.376	444.047
1.7	-0.7	-175.55	470.927
1.8	-0.7	-171.42	497.564
1.9	-0.7	-166.948	523.507
2	-0.7	-158.734	557.46
-2	-0.6	-134.085	-543.857
-1.9	-0.6	-137.695	-516.398
-1.8	-0.6	-141.849	-490.616
-1.7	-0.6	-145.818	-464.777
-1.6	-0.6	-150.019	-439.252
-1.5	-0.6	-154.851	-414.554
-1.4	-0.6	-158.01	-387.237
-1.3	-0.6	-160.029	-358.057
-1.2	-0.6	-161.922	-329.017
-1.1	-0.6	-162.651	-301.701
-1	-0.6	-163.242	-274.315
-0.9	-0.6	-163.695	-246.859
-0.8	-0.6	-164.01	-219.333
-0.7	-0.6	-164.188	-191.737
-0.6	-0.6	-164.206	-164.06
-0.5	-0.6	-164.1	-136.547
-0.4	-0.6	-163.998	-109.221
-0.3	-0.6	-163.903	-81.9032
-0.2	-0.6	-163.83	-54.6075
-0.1	-0.6	-163.779	-27.3335
0	-0.6	-163.757	-0.0728232
0.1	-0.6	-163.801	27.1978
0.2	-0.6	-163.852	54.4903
0.3	-0.6	-163.904	81.8142
0.4	-0.6	-163.957	109.169
0.5	-0.6	-164.007	136.509
0.6	-0.6	-164.058	163.861
0.7	-0.6	-164.054	191.5
0.8	-0.6	-163.843	219.383
0.9	-0.6	-163.539	247.086
1	-0.6	-163.129	274.781
1.1	-0.6	-162.475	302.487
1.2	-0.6	-161.13	329.991
1.3	-0.6	-157.607	356.895
1.4	-0.6	-155.535	384.4
1.5	-0.6	-152.964	410.723
1.6	-0.6	-149.999	437.264
1.7	-0.6	-146.502	463.639
1.8	-0.6	-142.721	489.961
1.9	-0.6	-138.56	515.248
2	-0.6	-133.176	545.22
-2	-0.5	-110.497	-533.166
-1.9	-0.5	-111.261	-509.841
-1.8	-0.5	-115.238	-485.02
-1.7	-0.5	-119.082	-459.521
-1.6	-0.5	-123.279	-435.514
-1.5	-0.5	-127.37	-410.837
-1.4	-0.5	-131.07	-385.354
-1.3	-0.5	-133.082	-356.236
-1.2	-0.5	-134.649	-327.785
-1.1	-0.5	-135.293	-300.632
-1	-0.5	-135.8	-273.408
-0.9	-0.5	-136.169	-246.115
-0.8	-0.5	-136.4	-218.751
-0.7	-0.5	-136.502	-191.379
-0.6	-0.5	-136.699	-164.024
-0.5	-0.5	-136.717	-136.595
-0.4	-0.5	-136.628	-109.232
-0.3	-0.5	-136.562	-81.8961
-0.2	-0.5	-136.52	-54.599
-0.1	-0.5	-136.495	-27.3347
0	-0.5	-136.481	-0.0698934
0.1	-0.5	-136.496	27.2155
0.2	-0.5	-136.528	54.4924
0.3	-0.5	-136.565	81.7885
0.4	-0.5	-136.603	109.116
0.5	-0.5	-136.643	136.457
0.6	-0.5	-136.683	163.797
0.7	-0.5	-136.592	191.506
0.8	-0.5	-136.346	219.223
0.9	-0.5	-136.208	246.728
1	-0.5	-135.885	274.127
1.1	-0.5	-135.22	301.764
1.2	-0.5	-134.267	329.275
1.3	-0.5	-131.526	355.859
1.4	-0.5	-128.314	382.251
1.5	-0.5	-125.35	408.458
1.6	-0.5	-122.539	434.345
1.7	-0.5	-119.3	459.427
1.8	-0.5	-115.759	484.709
1.9	-0.5	-111.864	509.073
2	-0.5	-108.11	531.226
-2	-0.4	-82.5519	-528.078
-1.9	-0.4	-86.5281	-504.315
-1.8	-0.4	-90.3272	-480.405
-1.7	-0.4	-93.882	-456.603
-1.6	-0.4	-97.3256	-432.268
-1.5	-0.4	-100.699	-407.902
-1.4	-0.4	-103.936	-382.783
-1.3	-0.4	-106.238	-354.515
-1.2	-0.4	-107.453	-326.695
-1.1	-0.4	-108.013	-299.704
-1	-0.4	-108.435	-272.643
-0.9	-0.4	-108.72	-245.511
-0.8	-0.4	-108.926	-218.432
-0.7	-0.4	-109.121	-191.324
-0.6	-0.4	-109.293	-164.023
-0.5	-0.4	-109.349	-136.605
-0.4	-0.4	-109.277	-109.24
-0.3	-0.4	-109.234	-81.9071
-0.2	-0.4	-109.221	-54.6072
-0.1	-0.4	-109.224	-27.3333
0	-0.4	-109.209	-0.0651786
0.1	-0.4	-109.213	27.2138
0.2	-0.4	-109.228	54.5033
0.3	-0.4	-109.25	81.7863
0.4	-0.4	-109.273	109.086
0.5	-0.4	-109.297	136.417
0.6	-0.4	-109.328	163.745
0.7	-0.4	-109.146	191.456
0.8	-0.4	-109.101	218.98
0.9	-0.4	-108.93	246.286
1	-0.4	-108.633	273.377
1.1	-0.4	-108.006	300.81
1.2	-0.4	-107.162	328.318
1.3	-0.4	-105.361	354.713
1.4	-0.4	-103.046	380.854
1.5	-0.4	-100.261	406.802
1.6	-0.4	-97.0589	432.543
1.7	-0.4	-93.8811	456.967
1.8	-0.4	-90.4935	481.43
1.9	-0.4	-86.9326	505.834
2	-0.4	-83.0234	529.202
-2	-0.3	-59.7636	-524.746
-1.9	-0.3	-63.5695	-501.803
-1.8	-0.3	-66.7067	-478.101
-1.7	-0.3	-69.5176	-454.175
-1.6	-0.3	-72.2169	-429.777
-1.5	-0.3	-74.8096	-405.026
-1.4	-0.3	-77.2749	-379.789
-1.3	-0.3	-79.4978	-352.893
-1.2	-0.3	-80.3352	-325.746
-1.1	-0.3	-80.8097	-298.925
-1	-0.3	-81.16	-272.049
-0.9	-0.3	-81.4003	-245.203
-0.8	-0.3	-81.5955	-218.322
-0.7	-0.3	-81.7691	-191.252
-0.6	-0.3	-81.9211	-163.995
-0.5	-0.3	-81.9941	-136.589
-0.4	-0.3	-81.9446	-109.227
-0.3	-0.3	-81.9248	-81.898
-0.2	-0.3	-81.933	-54.6109
-0.1	-0.3	-81.9446	-27.3363
0	-0.3	-81.938	-0.0599609
0.1	-0.3	-81.9359	27.2167
0.2	-0.3	-81.9399	54.4979
0.3	-0.3	-81.9529	81.7906
0.4	-0.3	-81.9664	109.079
0.5	-0.3	-81.9758	136.383
0.6	-0.3	-81.9401	163.787
0.7	-0.3	-81.9867	191.328
0.8	-0.3	-81.9087	218.653
0.9	-0.3	-81.7043	245.762
1	-0.3	-81.3733	272.654
1.1	-0.3	-80.8328	299.627
1.2	-0.3	-79.9779	327.066
1.3	-0.3	-78.9942	353.389
1.4	-0.3	-77.5778	379.278
1.5	-0.3	-75.6897	404.975
1.6	-0.3	-73.33	430.479
1.7	-0.3	-70.4987	455.791
1.8	-0.3	-67.141	480.174
1.9	-0.3	-63.5719	503.439
2	-0.3	-59.909	525.917
-2	-0.2	-38.6317	-522.016
-1.9	-0.2	-41.7628	-499.727
-1.8	-0.2	-43.9344	-476.075
-1.7	-0.2	-45.9661	-451.754
-1.6	-0.2	-47.9112	-427.296
-1.5	-0.2	-49.6987	-402.167
-1.4	-0.2	-51.3798	-376.817
-1.3	-0.2	-52.7954	-351.627
-1.2	-0.2	-53.2587	-324.97
-1.1	-0.2	-53.6663	-298.298
-1	-0.2	-53.9313	-271.681
-0.9	-0.2	-54.1247	-245.027
-0.8	-0.2	-54.2965	-218.185
-0.7	-0.2	-54.4467	-191.156
-0.6	-0.2	-54.5755	-163.939
-0.5	-0.2	-54.6578	-136.552
-0.4	-0.2	-54.6313	-109.194
-0.3	-0.2	-54.6349	-81.8769
-0.2	-0.2	-54.6516	-54.6141
-0.1	-0.2	-54.6644	-27.3389
0	-0.2	-54.6693	-0.054267
0.1	-0.2	-54.6643	27.2243
0.2	-0.2	-54.6574	54.4973
0.3	-0.2	-54.6596	81.7816
0.4	-0.2	-54.6709	109.077
0.5	-0.2	-54.6745	136.375
0.6	-0.2	-54.7221	163.785
0.7	-0.2	-54.8024	191.195
0.8	-0.2	-54.7389	218.317
0.9	-0.2	-54.5308	245.153
1	-0.2	-54.1665	271.847
1.1	-0.2	-53.6757	298.324
1.2	-0.2	-52.8342	325.582
1.3	-0.2	-52.4274	351.887
1.4	-0.2	-51.9087	377.525
1.5	-0.2	-50.9184	402.97
1.6	-0.2	-49.4565	428.223
1.7	-0.2	-47.523	453.283
1.8	-0.2	-45.1178	478.151
1.9	-0.2	-42.1353	502.535
2	-0.2	-38.4628	524.921
-2	-0.1	-19.0912	-521.614
-1.9	-0.1	-20.5767	-497.806
-1.8	-0.1	-21.9999	-474.048
-1.7	-0.1	-23.2548	-449.651
-1.6	-0.1	-23.9635	-425.109
-1.5	-0.1	-24.674	-400.583
-1.4	-0.1	-25.3862	-376.074
-1.3	-0.1	-26.0123	-351.149
-1.2	-0.1	-26.2574	-324.307
-1.1	-0.1	-26.5187	-297.865
-1	-0.1	-26.7103	-271.438
-0.9	-0.1	-26.8803	-244.824
-0.8	-0.1	-27.0288	-218.023
-0.7	-0.1	-27.1557	-191.033
-0.6	-0.1	-27.261	-163.856
-0.5	-0.1	-27.3403	-136.496
-0.4	-0.1	-27.3368	-109.141
-0.3	-0.1	-27.3571	-81.8775
-0.2	-0.1	-27.375	-54.6141
-0.1	-0.1	-27.389	-27.3384
0	-0.1	-27.3992	-0.050175
0.1	-0.1	-27.3982	27.2366
0.2	-0.1	-27.3805	54.5013
0.3	-0.1	-27.372	81.7773
0.4	-0.1	-27.3724	109.065
0.5	-0.1	-27.3696	136.373
0.6	-0.1	-27.4324	163.793
0.7	-0.1	-27.5269	191.183
0.8	-0.1	-27.4775	218.285
0.9	-0.1	-27.2842	245.099
1	-0.1	-26.9472	271.624
1.1	-0.1	-26.4663	297.861
1.2	-0.1	-25.7267	324.221
1.3	-0.1	-25.6523	350.232
1.4	-0.1	-26.0283	375.606
1.5	-0.1	-25.942	400.79
1.6	-0.1	-25.3825	425.788
1.7	-0.1	-24.3468	450.597
1.8	-0.1	-22.8394	475.214
1.9	-0.1	-20.8603	499.638
2	-0.1	-18.4097	523.87
-2	0	0.207769	-520.199
-1.9	0	0.436247	-496.717
-1.8	0	0.438519	-472.827
-1.7	0	0.432497	-448.786
-1.6	0	0.44314	-424.62
-1.5	0	0.470442	-400.328
-1.4	0	0.514398	-375.91
-1.3	0	0.536307	-351.083
-1.2	0	0.367864	-324.425
-1.1	0	0.323503	-298.022
-1	0	0.275379	-271.466
-0.9	0	0.223493	-244.757
-0.8	0	0.167839	-217.894
-0.7	0	0.10411	-190.885
-0.6	0	0.0220971	-163.748
-0.5	0	-0.0383772	-136.423
-0.4	0	-0.0612024	-109.126
-0.3	0	-0.0840644	-81.8749
-0.2	0	-0.103093	-54.6109
-0.1	0	-0.118266	-27.3346
0	0	-0.129594	-0.0458152
0.1	0	-0.137433	27.2534
0.2	0	-0.109248	54.51
0.3	0	-0.0899145	81.7777
0.4	0	-0.0781915	109.06
0.5	0	-0.0580808	136.362
0.6	0	-0.0732306	163.695
0.7	0	-0.211783	191.078
0.8	0	-0.201393	218.177
0.9	0	-0.0420457	244.993
1	0	0.266251	271.526
1.1	0	0.723503	297.775
1.2	0	1.35494	323.743
1.3	0	1.045	349.847
1.4	0	-0.320167	375.221
1.5	0	-1.37504	399.796
1.6	0	-1.97867	424.709
1.7	0	-2.25783	448.736
1.8	0	-2.01744	473.162
1.9	0	-1.46918	496.751
2	0	-0.444922	520.521
-2	0.1	19.4735	-520.387
-1.9	0.1	20.8117	-496.986
-1.8	0.1	21.8263	-473.206
-1.7	0.1	22.9162	-449.698
-1.6	0.1	23.9233	-425.382
-1.5	0.1	24.9739	-401.113
-1.4	0.1	25.9906	-376.395
-1.3	0.1	26.9639	-351.192
-1.2	0.1	27.0424	-324.864
-1.1	0.1	27.0816	-298.402
-1	0.1	27.1169	-271.787
-0.9	0.1	27.1486	-245.019
-0.8	0.1	27.1764	-218.097
-0.7	0.1	27.2005	-191.021
-0.6	0.1	27.2208	-163.792
-0.5	0.1	27.2239	-136.393
-0.4	0.1	27.2041	-109.117
-0.3	0.1	27.1843	-81.869
-0.2	0.1	27.1641	-54.6045
-0.1	0.1	27.1477	-27.3276
0	0.1	27.1352	-0.0382884
0.1	0.1	27.1266	27.2635
0.2	0.1	27.1564	54.5234
0.3	0.1	27.1865	81.7829
0.4	0.1	27.2197	109.091
0.5	0.1	27.2232	136.415
0.6	0.1	27.187	163.737
0.7	0.1	27.1008	191.03
0.8	0.1	27.0773	218.077
0.9	0.1	27.2028	244.841
1	0.1	27.4773	271.321
1.1	0.1	27.9006	297.518
1.2	0.1	28.5725	323.426
1.3	0.1	27.1079	350.772
1.4	0.1	25.0085	377.5
1.5	0.1	22.9283	401.6
1.6	0.1	21.2406	425.382
1.7	0.1	19.9714	449.09
1.8	0.1	19.0533	472.2
1.9	0.1	18.5924	495.542
2	0.1	18.4571	518.185
-2	0.2	38.7781	-520.564
-1.9	0.2	42.0123	-498.043
-1.8	0.2	43.8365	-474.383
-1.7	0.2	45.7544	-451.235
-1.6	0.2	47.6262	-427.404
-1.5	0.2	49.4225	-402.725
-1.4	0.2	51.3315	-378.645
-1.3	0.2	53.1434	-352.298
-1.2	0.2	53.7373	-325.347
-1.1	0.2	53.8603	-298.846
-1	0.2	53.9806	-272.186
-0.9	0.2	54.0982	-245.367
-0.8	0.2	54.2131	-218.39
-0.7	0.2	54.3288	-191.249
-0.6	0.2	54.4829	-163.847
-0.5	0.2	54.5097	-136.393
-0.4	0.2	54.4857	-109.086
-0.3	0.2	54.4637	-81.8496
-0.2	0.2	54.4358	-54.5932
-0.1	0.2	54.4116	-27.317
0	0.2	54.401	-0.0264221
0.1	0.2	54.3944	27.2768
0.2	0.2	54.4199	54.5489
0.3	0.2	54.483	81.8205
0.4	0.2	54.5109	109.176
0.5	0.2	54.492	136.495
0.6	0.2	54.4339	163.807
0.7	0.2	54.3362	191.117
0.8	0.2	54.2715	218.193
0.9	0.2	54.3631	244.904
1	0.2	54.6037	271.332
1.1	0.2	54.9932	297.477
1.2	0.2	55.0503	323.867
1.3	0.2	53.1891	351.644
1.4	0.2	51.1476	379.588
1.5	0.2	48.5128	404.862
1.6	0.2	45.8445	428.244
1.7	0.2	43.5257	450.866
1.8	0.2	41.6468	473.831
1.9	0.2	40.0864	495.894
2	0.2	38.9906	518.45
-2	0.3	59.7715	-523.348
-1.9	0.3	63.4104	-500.06
-1.8	0.3	66.5974	-476.142
-1.7	0.3	69.2337	-452.42
-1.6	0.3	71.9255	-428.956
-1.5	0.3	74.572	-404.724
-1.4	0.3	77.2737	-380.714
-1.3	0.3	79.3884	-353.558
-1.2	0.3	80.3814	-326.022
-1.1	0.3	80.5891	-299.476
-1	0.3	80.7942	-272.772
-0.9	0.3	80.9965	-245.909
-0.8	0.3	81.2928	-218.755
-0.7	0.3	81.6157	-191.34
-0.6	0.3	81.7852	-163.893
-0.5	0.3	81.8166	-136.41
-0.4	0.3	81.7951	-109.066
-0.3	0.3	81.7811	-81.8336
-0.2	0.3	81.7613	-54.5817
-0.1	0.3	81.7311	-27.3135
0	0.3	81.6943	-0.0320625
0.1	0.3	81.6723	27.2693
0.2	0.3	81.7108	54.5463
0.3	0.3	81.7804	81.9071
0.4	0.3	81.7922	109.261
0.5	0.3	81.7484	136.601
0.6	0.3	81.6684	163.903
0.7	0.3	81.5487	191.203
0.8	0.3	81.3894	218.501
0.9	0.3	81.4388	245.185
1	0.3	81.6456	271.56
1.1	0.3	81.9878	297.719
1.2	0.3	81.1091	324.93
1.3	0.3	79.2076	352.902
1.4	0.3	77.1403	380.944
1.5	0.3	74.9786	408.901
1.6	0.3	71.6761	432.972
1.7	0.3	68.3881	454.728
1.8	0.3	65.5183	476.947
1.9	0.3	62.994	498.455
2	0.3	60.8613	519.968
-2	0.4	82.3768	-526.662
-1.9	0.4	86.4326	-503.127
-1.8	0.4	90.148	-479.446
-1.7	0.4	93.5084	-454.881
-1.6	0.4	96.981	-431.491
-1.5	0.4	100.47	-407.906
-1.4	0.4	103.86	-383.561
-1.3	0.4	105.69	-355.003
-1.2	0.4	106.973	-326.894
-1.1	0.4	107.266	-300.305
-1	0.4	107.556	-273.556
-0.9	0.4	108.104	-246.3
-0.8	0.4	108.574	-218.91
-0.7	0.4	108.913	-191.452
-0.6	0.4	109.1	-163.958
-0.5	0.4	109.136	-136.444
-0.4	0.4	109.116	-109.057
-0.3	0.4	109.11	-81.8291
-0.2	0.4	109.098	-54.5819
-0.1	0.4	109.075	-27.3166
0	0.4	109.044	-0.0369945
0.1	0.4	109.017	27.3096
0.2	0.4	109.051	54.5116
0.3	0.4	109.097	81.974
0.4	0.4	109.062	109.363
0.5	0.4	109	136.708
0.6	0.4	108.89	164.025
0.7	0.4	108.749	191.316
0.8	0.4	108.568	218.603
0.9	0.4	108.43	245.682
1	0.4	108.603	272.004
1.1	0.4	108.787	298.274
1.2	0.4	107.135	326.311
1.3	0.4	105.175	354.471
1.4	0.4	103.082	382.611
1.5	0.4	100.895	410.666
1.6	0.4	98.6126	438.634
1.7	0.4	94.4306	460.299
1.8	0.4	90.6097	481.642
1.9	0.4	87.1511	502.557
2	0.4	84.082	523.676
-2	0.5	105.651	-532.158
-1.9	0.5	111.15	-508.891
-1.8	0.5	115.294	-484.509
-1.7	0.5	119.018	-459.091
-1.6	0.5	122.71	-434.565
-1.5	0.5	126.979	-411.122
-1.4	0.5	130.296	-385.24
-1.3	0.5	132.048	-356.633
-1.2	0.5	133.454	-328.102
-1.1	0.5	134.014	-301.179
-1	0.5	134.763	-273.882
-0.9	0.5	135.381	-246.518
-0.8	0.5	135.867	-219.085
-0.7	0.5	136.221	-191.584
-0.6	0.5	136.428	-164.041
-0.5	0.5	136.468	-136.498
-0.4	0.5	136.447	-109.059
-0.3	0.5	136.449	-81.8364
-0.2	0.5	136.446	-54.5937
-0.1	0.5	136.431	-27.3317
0	0.5	136.413	0.10364
0.1	0.5	136.298	27.6919
0.2	0.5	136.39	54.3555
0.3	0.5	136.534	81.7576
0.4	0.5	136.594	109.261
0.5	0.5	136.523	136.715
0.6	0.5	136.315	164.118
0.7	0.5	136.006	191.454
0.8	0.5	135.733	218.732
0.9	0.5	135.49	246.008
1	0.5	135.467	272.68
1.1	0.5	134.866	299.788
1.2	0.5	133.117	328.026
1.3	0.5	131.092	356.351
1.4	0.5	128.973	384.589
1.5	0.5	126.76	412.741
1.6	0.5	124.452	440.807
1.7	0.5	121.57	467.526
1.8	0.5	116.851	488.345
1.9	0.5	112.492	508.349
2	0.5	106.797	531.775
-2	0.6	128.418	-542.118
-1.9	0.6	137.489	-516.04
-1.8	0.6	142.102	-491.476
-1.7	0.6	146.372	-466.823
-1.6	0.6	150.185	-440.753
-1.5	0.6	154.122	-414.753
-1.4	0.6	156.788	-387.103
-1.3	0.6	158.78	-358.519
-1.2	0.6	160.573	-329.97
-1.1	0.6	161.63	-301.751
-1	0.6	162.034	-274.164
-0.9	0.6	162.668	-246.756
-0.8	0.6	163.169	-219.281
-0.7	0.6	163.54	-191.738
-0.6	0.6	163.768	-164.142
-0.5	0.6	163.813	-136.569
-0.4	0.6	163.79	-109.074
-0.3	0.6	163.8	-81.8553
-0.2	0.6	163.805	-54.6172
-0.1	0.6	163.791	-27.1117
0	0.6	163.638	0.432591
0.1	0.6	163.551	27.6576
0.2	0.6	163.704	54.3563
0.3	0.6	163.876	81.4828
0.4	0.6	164.07	109.061
0.5	0.6	164.129	136.588
0.6	0.6	164.05	164.062
0.7	0.6	163.835	191.484
0.8	0.6	163.484	218.854
0.9	0.6	163.067	246.166
1	0.6	162.491	273.511
1.1	0.6	160.865	301.685
1.2	0.6	159.009	330.119
1.3	0.6	156.958	358.542
1.4	0.6	154.813	386.878
1.5	0.6	152.574	415.128
1.6	0.6	150.24	443.292
1.7	0.6	147.812	471.37
1.8	0.6	144.152	496.242
1.9	0.6	138.928	516.099
2	0.6	129.306	541.855
-2	0.7	150.309	-554.59
-1.9	0.7	165.497	-526.752
-1.8	0.7	170.596	-501.35
-1.7	0.7	175.301	-475.297
-1.6	0.7	179.371	-447.752
-1.5	0.7	182.147	-417.753
-1.4	0.7	184.523	-388.696
-1.3	0.7	187.15	-360.757
-1.2	0.7	188.921	-331.839
-1.1	0.7	190.069	-302.817
-1	0.7	190.385	-274.96
-0.9	0.7	190.565	-247.248
-0.8	0.7	190.671	-219.554
-0.7	0.7	190.869	-191.912
-0.6	0.7	191.121	-164.262
-0.5	0.7	191.17	-136.659
-0.4	0.7	191.144	-109.1
-0.3	0.7	191.166	-81.8708
-0.2	0.7	191.152	-54.3448
-0.1	0.7	190.96	-26.8361
0	0.7	190.632	0.655938
0.1	0.7	190.74	27.5585
0.2	0.7	191.005	54.3004
0.3	0.7	191.156	81.1276
0.4	0.7	191.478	108.771
0.5	0.7	191.665	136.369
0.6	0.7	191.716	163.915
0.7	0.7	191.631	191.408
0.8	0.7	191.409	218.85
0.9	0.7	191.05	246.239
1	0.7	190.69	274.194
1.1	0.7	189.51	303.852
1.2	0.7	187.246	332.799
1.3	0.7	184.158	360.837
1.4	0.7	181.351	389.411
1.5	0.7	178.413	417.793
1.6	0.7	175.977	446.087
1.7	0.7	173.524	474.263
1.8	0.7	170.975	502.353
1.9	0.7	166.368	525.45
2	0.7	151.221	554.732
-2	0.8	178.932	-566.301
-1.9	0.8	192.15	-539.78
-1.8	0.8	200.271	-510.804
-1.7	0.8	204.059	-479.487
-1.6	0.8	207.297	-448.61
-1.5	0.8	210.573	-419.233
-1.4	0.8	213.297	-390.558
-1.3	0.8	216.04	-362.574
-1.2	0.8	217.868	-333.599
-1.1	0.8	218.658	-304.173
-1	0.8	218.884	-275.476
-0.9	0.8	218.993	-247.669
-0.8	0.8	219.026	-219.882
-0.7	0.8	218.985	-192.112
-0.6	0.8	218.869	-164.361
-0.5	0.8	218.736	-136.69
-0.4	0.8	218.529	-109.058
-0.3	0.8	218.5	-81.5864
-0.2	0.8	218.272	-54.1177
-0.1	0.8	217.898	-26.6661
0	0.8	217.417	0.756335
0.1	0.8	217.862	27.4009
0.2	0.8	218.278	54.1796
0.3	0.8	218.523	81.0238
0.4	0.8	218.816	108.39
0.5	0.8	219.132	136.059
0.6	0.8	219.313	163.676
0.7	0.8	219.357	191.241
0.8	0.8	219.264	218.755
0.9	0.8	219.048	246.246
1	0.8	219.29	275.124
1.1	0.8	219.406	305.777
1.2	0.8	217.378	335.03
1.3	0.8	214.035	362.969
1.4	0.8	211.02	391.603
1.5	0.8	207.555	419.466
1.6	0.8	204.466	448.036
1.7	0.8	201.121	476.186
1.8	0.8	197.936	504.675
1.9	0.8	193.488	540.164
2	0.8	183.75	566.035
-2	0.9	216.357	-575.909
-1.9	0.9	224.543	-545.599
-1.8	0.9	228.293	-510.949
-1.7	0.9	232.362	-479.953
-1.6	0.9	236.112	-449.784
-1.5	0.9	239.798	-420.824
-1.4	0.9	243.286	-393.196
-1.3	0.9	246.197	-365.229
-1.2	0.9	247.412	-335.248
-1.1	0.9	247.845	-305.418
-1	0.9	247.652	-276.023
-0.9	0.9	247.49	-247.76
-0.8	0.9	247.452	-219.879
-0.7	0.9	247.338	-192.013
-0.6	0.9	247.137	-164.143
-0.5	0.9	246.703	-136.373
-0.4	0.9	245.981	-108.817
-0.3	0.9	245.591	-81.4094
-0.2	0.9	245.149	-53.9981
-0.1	0.9	244.605	-26.6017
0	0.9	244.414	0.498729
0.1	0.9	244.987	27.1936
0.2	0.9	245.519	53.9936
0.3	0.9	245.859	80.8547
0.4	0.9	246.085	107.918
0.5	0.9	246.531	135.659
0.6	0.9	246.84	163.347
0.7	0.9	247.014	190.984
0.8	0.9	247.05	218.568
0.9	0.9	247.274	246.447
1	0.9	248.082	275.765
1.1	0.9	248.953	306.859
1.2	0.9	248.34	337.378
1.3	0.9	245.101	365.709
1.4	0.9	241.234	393.3
1.5	0.9	237.587	421.279
1.6	0.9	234.014	449.409
1.7	0.9	230.415	477.519
1.8	0.9	226.848	505.719
1.9	0.9	221.772	546.225
2	0.9	217.817	575.852
-2	1	247.749	-585.115
-1.9	1	250.88	-553.72
-1.8	1	251.738	-520.392
-1.7	1	261.632	-480.916
-1.6	1	266.067	-451.707
-1.5	1	270.074	-422.957
-1.4	1	273.83	-395.474
-1.3	1	276.855	-367.453
-1.2	1	277.555	-336.787
-1.1	1	277.63	-306.554
-1	1	276.942	-276.48
-0.9	1	275.861	-247.001
-0.8	1	275.719	-219.044
-0.7	1	275.5	-191.111
-0.6	1	275.078	-163.237
-0.5	1	273.87	-135.762
-0.4	1	272.98	-108.518
-0.3	1	272.432	-81.3305
-0.2	1	271.798	-53.9866
-0.1	1	271.081	-26.643
0	1	271.344	0.182669
0.1	1	272.104	26.9255
0.2	1	272.73	53.7425
0.3	1	273.164	80.6205
0.4	1	273.405	107.56
0.5	1	273.86	135.167
0.6	1	274.299	162.927
0.7	1	274.601	190.635
0.8	1	274.93	218.385
0.9	1	275.656	246.349
1	1	277.066	276.115
1.1	1	278.446	307.323
1.2	1	279.499	339.288
1.3	1	277.027	368.455
1.4	1	272.783	395.866
1.5	1	268.896	423.885
1.6	1	264.719	451.402
1.7	1	260.743	479.28
1.8	1	250.119	520.384
1.9	1	249.386	554.912
2	1	247.116	586.282
-2	1.1	328.111	-571.91
-1.9	1.1	277.046	-566.882
-1.8	1.1	282.208	-528.792
-1.7	1.1	291.893	-482.387
-1.6	1.1	296.652	-453.433
-1.5	1.1	301.469	-425.728
-1.4	1.1	305.605	-398.514
-1.3	1.1	307.953	-369.285
-1.2	1.1	308.296	-338.215
-1.1	1.1	307.85	-307.307
-1	1.1	306.493	-276.418
-0.9	1.1	304.628	-246.257
-0.8	1.1	303.964	-217.889
-0.7	1.1	303.65	-189.917
-0.6	1.1	301.983	-162.343
-0.5	1.1	300.61	-135.004
-0.4	1.1	299.556	-107.896
-0.3	1.1	298.82	-81.0184
-0.2	1.1	298.217	-54.0811
-0.1	1.1	297.412	-26.8238
0	1.1	298.276	-0.180505
0.1	1.1	299.189	26.5922
0.2	1.1	299.91	53.4261
0.3	1.1	300.438	80.321
0.4	1.1	300.774	107.277
0.5	1.1	301.12	134.585
0.6	1.1	301.688	162.416
0.7	1.1	302.176	190.17
0.8	1.1	302.998	217.966
0.9	1.1	304.195	245.953
1	1.1	306.242	276.175
1.1	1.1	308.13	307.497
1.2	1.1	309.786	339.744
1.3	1.1	309.713	371.179
1.4	1.1	305.425	398.835
1.5	1.1	300.763	425.998
1.6	1.1	296.311	453.503
1.7	1.1	291.934	481.128
1.8	1.1	281.477	530.268
1.9	1.1	277.808	567.124
2	1.1	326.643	571.465
-2	1.2	362.611	-577.218
-1.9	1.2	360.204	-546.272
-1.8	1.2	357.325	-515.296
-1.7	1.2	317.854	-500.722
-1.6	1.2	328.457	-456.004
-1.5	1.2	333.678	-428.586
-1.4	1.2	338.336	-401.834
-1.3	1.2	339.65	-371.007
-1.2	1.2	339.478	-339.298
-1.1	1.2	338.201	-307.369
-1	1.2	336.417	-276.168
-0.9	1.2	334.125	-245.694
-0.8	1.2	332.2	-216.443
-0.7	1.2	330.316	-188.739
-0.6	1.2	328.461	-161.305
-0.5	1.2	326.923	-134.102
-0.4	1.2	325.704	-107.13
-0.3	1.2	324.804	-80.3887
-0.2	1.2	324.213	-53.8927
-0.1	1.2	324.149	-27.2983
0	1.2	325.236	-0.595906
0.1	1.2	326.244	26.1938
0.2	1.2	327.059	53.0445
0.3	1.2	327.681	79.9564
0.4	1.2	328.111	106.929
0.5	1.2	328.348	133.964
0.6	1.2	329.011	161.804
0.7	1.2	329.929	189.43
0.8	1.2	331.222	217.248
0.9	1.2	332.977	245.435
1	1.2	335.609	275.945
1.1	1.2	338.007	307.381
1.2	1.2	340.171	339.741
1.3	1.2	342.101	373.027
1.4	1.2	339.117	402.104
1.5	1.2	333.993	428.983
1.6	1.2	329.196	456.378
1.7	1.2	317.585	503.198
1.8	1.2	357.812	514.892
1.9	1.2	360.117	546.14
2	1.2	361.587	577.064
-2	1.3	394.212	-581.655
-1.9	1.3	391.425	-550.407
-1.8	1.3	388.071	-519.064
-1.7	1.3	383.805	-487.372
-1.6	1.3	357.533	-469.672
-1.5	1.3	366.848	-431.781
-1.4	1.3	371.692	-404.93
-1.3	1.3	371.826	-372.452
-1.2	1.3	370.631	-339.484
-1.1	1.3	368.927	-307.242
-1	1.3	366.69	-275.689
-0.9	1.3	364.06	-244.434
-0.8	1.3	361.112	-214.393
-0.7	1.3	358.729	-186.868
-0.6	1.3	356.664	-159.573
-0.5	1.3	354.917	-132.51
-0.4	1.3	353.488	-105.678
-0.3	1.3	352.377	-79.0763
-0.2	1.3	351.225	-52.6104
-0.1	1.3	349.73	-26.5693
0	1.3	351.088	-0.504972
0.1	1.3	352.36	25.7891
0.2	1.3	353.429	52.2657
0.3	1.3	354.294	78.9248
0.4	1.3	354.955	105.767
0.5	1.3	355.413	132.791
0.6	1.3	356.937	160.662
0.7	1.3	358.404	188.223
0.8	1.3	360.171	215.944
0.9	1.3	362.25	243.875
1	1.3	364.947	274.93
1.1	1.3	368.074	306.974
1.2	1.3	370.747	339.448
1.3	1.3	373.187	372.848
1.4	1.3	373.604	405.229
1.5	1.3	368.219	432.174
1.6	1.3	356.273	471.865
1.7	1.3	384.801	487.176
1.8	1.3	388.856	519.212
1.9	1.3	391.527	550.485
2	1.3	394.263	582.114
-2	1.4	424.738	-586.371
-1.9	1.4	420.969	-554.321
-1.8	1.4	416.593	-522.161
-1.7	1.4	412.294	-490.421
-1.6	1.4	406.863	-458.164
-1.5	1.4	400.948	-435.561
-1.4	1.4	404.895	-406.772
-1.3	1.4	403.74	-372.727
-1.2	1.4	400.65	-338.055
-1.1	1.4	397.395	-304.392
-1	1.4	394.893	-272.26
-0.9	1.4	392.569	-241.266
-0.8	1.4	390.471	-211.791
-0.7	1.4	387.836	-184.411
-0.6	1.4	385.52	-157.263
-0.5	1.4	383.772	-130.307
-0.4	1.4	382.357	-103.663
-0.3	1.4	381.013	-77.2268
-0.2	1.4	377.32	-50.566
-0.1	1.4	374.528	-25.3995
0	1.4	375.984	-0.208195
0.1	1.4	377.438	25.2761
0.2	1.4	378.688	50.943
0.3	1.4	379.734	76.7924
0.4	1.4	380.576	102.824
0.5	1.4	381.822	129.559
0.6	1.4	386.18	159.016
0.7	1.4	387.802	186.468
0.8	1.4	389.725	214.081
0.9	1.4	391.947	241.853
1	1.4	394.07	271.92
1.1	1.4	396.344	303.583
1.2	1.4	400.086	337.191
1.3	1.4	404.142	372.056
1.4	1.4	407.179	406.817
1.5	1.4	398.156	437.871
1.6	1.4	407.805	458.09
1.7	1.4	413.023	490.509
1.8	1.4	417.424	522.596
1.9	1.4	421.842	555.011
2	1.4	425	586.74
-2	1.5	455.139	-591.575
-1.9	1.5	451.336	-559.442
-1.8	1.5	447.032	-527.293
-1.7	1.5	442.226	-495.128
-1.6	1.5	436.919	-462.946
-1.5	1.5	431.111	-430.747
-1.4	1.5	441.669	-395.652
-1.3	1.5	430.48	-367.819
-1.2	1.5	427.938	-333.686
-1.1	1.5	425.326	-300.57
-1	1.5	423.16	-268.745
-0.9	1.5	421.69	-238.299
-0.8	1.5	419.558	-208.748
-0.7	1.5	416.964	-181.479
-0.6	1.5	414.702	-154.521
-0.5	1.5	412.771	-127.874
-0.4	1.5	411.173	-101.538
-0.3	1.5	406.689	-74.3501
-0.2	1.5	402.467	-48.4863
-0.1	1.5	399.684	-24.0817
0	1.5	400.567	-0.0998669
0.1	1.5	402.202	24.5747
0.2	1.5	403.634	49.4318
0.3	1.5	404.861	74.4715
0.4	1.5	405.884	99.6938
0.5	1.5	408.446	126.392
0.6	1.5	413.937	155.766
0.7	1.5	417.297	184.402
0.8	1.5	419.375	211.905
0.9	1.5	421.752	239.568
1	1.5	423.578	268.708
1.1	1.5	425.376	299.951
1.2	1.5	427.835	332.586
1.3	1.5	431.352	366.928
1.4	1.5	438.435	397.695
1.5	1.5	431.343	430.225
1.6	1.5	437.17	462.902
1.7	1.5	442.34	495.304
1.8	1.5	447.021	527.634
1.9	1.5	451.214	559.891
2	1.5	455.146	592.082
-2	1.6	488.021	-598.42
-1.9	1.6	484.36	-566.338
-1.8	1.6	480.198	-534.24
-1.7	1.6	475.534	-502.125
-1.6	1.6	470.37	-469.994
-1.5	1.6	463.605	-436.848
-1.4	1.6	459.151	-407.883
-1.3	1.6	474.318	-355.157
-1.2	1.6	455.594	-329.199
-1.1	1.6	453.426	-296.483
-1	1.6	451.773	-265.071
-0.9	1.6	450.056	-234.596
-0.8	1.6	448.8	-205.318
-0.7	1.6	446.022	-178.358
-0.6	1.6	443.576	-151.709
-0.5	1.6	441.462	-125.371
-0.4	1.6	435.455	-97.8285
-0.3	1.6	430.206	-71.3896
-0.2	1.6	426.372	-46.3554
-0.1	1.6	424.732	-22.8619
0	1.6	424.845	-0.173655
0.1	1.6	426.654	23.6848
0.2	1.6	428.266	47.7322
0.3	1.6	429.674	71.9621
0.4	1.6	431.092	96.4039
0.5	1.6	434.874	122.811
0.6	1.6	441.049	151.63
0.7	1.6	447.524	182.307
0.8	1.6	449.706	209.528
0.9	1.6	452.124	236.913
1	1.6	453.495	265.797
1.1	1.6	454.547	296.507
1.2	1.6	456.329	328.612
1.3	1.6	471.959	356.772
1.4	1.6	459.398	406.425
1.5	1.6	463.84	436.104
1.6	1.6	470.241	469.49
1.7	1.6	475.855	502.338
1.8	1.6	480.602	534.557
1.9	1.6	484.861	566.705
2	1.6	488.631	598.78
-2	1.7	520.728	-604.676
-1.9	1.7	517.209	-572.645
-1.8	1.7	513.189	-540.597
-1.7	1.7	508.667	-508.533
-1.6	1.7	502.599	-475.35
-1.5	1.7	495.945	-442.501
-1.4	1.7	491.656	-413.425
-1.3	1.7	487.941	-384.777
-1.2	1.7	504.825	-317.428
-1.1	1.7	480.93	-292.212
-1	1.7	479.573	-261.101
-0.9	1.7	478.587	-231.145
-0.8	1.7	477.571	-202.088
-0.7	1.7	474.771	-175.168
-0.6	1.7	472.141	-148.828
-0.5	1.7	465.377	-121.096
-0.4	1.7	458.387	-94.0977
-0.3	1.7	453.552	-68.4716
-0.2	1.7	451.19	-44.3494
-0.1	1.7	448.85	-21.6142
0	1.7	448.883	-0.354806
0.1	1.7	450.792	22.6065
0.2	1.7	452.585	45.8441
0.3	1.7	454.177	69.2398
0.4	1.7	456.257	92.7687
0.5	1.7	460.577	118.795
0.6	1.7	466.975	146.993
0.7	1.7	474.151	177.085
0.8	1.7	480.075	207.169
0.9	1.7	482.658	234.189
1	1.7	482.785	262.905
1.1	1.7	483.313	293.12
1.2	1.7	503.01	318.943
1.3	1.7	488.537	383.675
1.4	1.7	491.399	411.611
1.5	1.7	496.187	441.517
1.6	1.7	502.486	474.82
1.7	1.7	508.257	507.954
1.8	1.7	513.492	540.903
1.9	1.7	517.816	572.94
2	1.7	521.653	604.906
-2	1.8	553.474	-610.263
-1.9	1.8	549.883	-578.362
-1.8	1.8	546.004	-546.365
-1.7	1.8	540.633	-513.145
-1.6	1.8	534.673	-480.254
-1.5	1.8	528.428	-448.057
-1.4	1.8	523.945	-418.389
-1.3	1.8	520.065	-388.98
-1.2	1.8	515.277	-357.113
-1.1	1.8	531.976	-281.758
-1	1.8	521.397	-250.066
-0.9	1.8	506.295	-227.403
-0.8	1.8	505.743	-198.705
-0.7	1.8	503.211	-171.908
-0.6	1.8	496.396	-144.092
-0.5	1.8	488.428	-116.613
-0.4	1.8	481.122	-90.4095
-0.3	1.8	477.101	-65.6139
-0.2	1.8	473.818	-42.2274
-0.1	1.8	472.512	-20.3782
0	1.8	472.775	-0.11293
0.1	1.8	474.618	21.3397
0.2	1.8	476.592	43.7676
0.3	1.8	478.496	65.5862
0.4	1.8	481.249	88.887
0.5	1.8	486.072	114.477
0.6	1.8	491.393	141.958
0.7	1.8	499.535	171.479
0.8	1.8	508.346	202.857
0.9	1.8	512.5	231.657
1	1.8	524.083	254.687
1.1	1.8	531.911	284.402
1.2	1.8	515.44	357.126
1.3	1.8	519.982	387.865
1.4	1.8	523.123	416.201
1.5	1.8	528.452	446.661
1.6	1.8	534.58	479.683
1.7	1.8	540.25	512.734
1.8	1.8	545.392	545.617
1.9	1.8	550.024	578.33
2	1.8	553.887	610.775
-2	1.9	586.773	-615.279
-1.9	1.9	583.016	-583.229
-1.8	1.9	577.706	-550.234
-1.7	1.9	572.439	-517.301
-1.6	1.9	566.594	-484.712
-1.5	1.9	560.567	-452.808
-1.4	1.9	556.156	-422.941
-1.3	1.9	551.366	-391.794
-1.2	1.9	546.712	-359.475
-1.1	1.9	566.956	-282.427
-1	1.9	557.511	-249.975
-0.9	1.9	548.055	-221.516
-0.8	1.9	541.244	-193.036
-0.7	1.9	527.5	-166.811
-0.6	1.9	518.249	-138.868
-0.5	1.9	509.675	-112.172
-0.4	1.9	503.56	-86.7615
-0.3	1.9	499.233	-62.7371
-0.2	1.9	496.845	-40.192
-0.1	1.9	496.444	-19.2245
0	1.9	495.989	0.309329
0.1	1.9	498.13	19.8844
0.2	1.9	500.095	41.0817
0.3	1.9	502.434	61.7983
0.4	1.9	505.723	84.8147
0.5	1.9	510.074	109.771
0.6	1.9	516.217	136.696
0.7	1.9	523.876	165.546
0.8	1.9	539.264	195.109
0.9	1.9	552.475	225.652
1	1.9	558.329	253.256
1.1	1.9	565.158	279.671
1.2	1.9	546.088	359.998
1.3	1.9	550.718	390.908
1.4	1.9	555.016	420.756
1.5	1.9	560.454	451.326
1.6	1.9	566.523	484.08
1.7	1.9	572.092	517.048
1.8	1.9	577.133	549.847
1.9	1.9	582.636	582.523
2	1.9	586.866	615.457
-2	2	620.372	-619.959
-1.9	2	615.974	-587.25
-1.8	2	609.925	-553.771
-1.7	2	604.093	-521.01
-1.6	2	598.362	-488.722
-1.5	2	592.669	-457.138
-1.4	2	587.732	-426.326
-1.3	2	583.09	-394.831
-1.2	2	577.505	-360.631
-1.1	2	571.564	-324.439
-1	2	587.901	-251.412
-0.9	2	579.747	-216.2
-0.8	2	567.058	-183.66
-0.7	2	555.107	-151.206
-0.6	2	541.726	-129.519
-0.5	2	531.154	-107.023
-0.4	2	525.816	-83.1566
-0.3	2	521.625	-59.9254
-0.2	2	519.612	-38.1922
-0.1	2	518.162	-17.9215
0	2	519.258	0.662146
0.1	2	521.329	18.2407
0.2	2	523.182	37.424
0.3	2	525.382	57.9317
0.4	2	529.391	80.4185
0.5	2	528.461	109.527
0.6	2	539.886	134.164
0.7	2	552.498	159.041
0.8	2	567.611	183.784
0.9	2	582.877	214.04
1	2	588.217	249.564
1.1	2	569.438	327.481
1.2	2	576.086	361.792
1.3	2	581.788	394.135
1.4	2	586.305	424.259
1.5	2	592.3	455.535
1.6	2	598.315	488.01
1.7	2	603.783	520.895
1.8	2	609.198	553.533
1.9	2	615.563	586.43
2	2	620.456	619.752