#Parameters = {Rmesh=1; F=300000000; I=1; L_bunch=3.3333333333333; L_cutoff=3.3333333333333; L_offset=1.6666666666667; Ltar=10; Q=3.3333333333333e-009; Rcath=0.5; Rtar=10; RxRz=0.01; T=3.3333333333333e-009; Wo=30000; sigma=33.333333333333}
#"Z / cm"	"e-field (t=0..end(0.1)) (pic)_Z (Z)"
#----------------------------------------------
-2.5000000000000	0.00000000000000
-2.4900398406375	0.00000000000000
-2.4800796812749	0.00000000000000
-2.4701195219124	0.00000000000000
-2.4601593625498	0.00000000000000
-2.4501992031873	0.00000000000000
-2.4402390438247	0.00000000000000
-2.4302788844622	0.00000000000000
-2.4203187250996	0.00000000000000
-2.4103585657371	0.00000000000000
-2.4003984063745	0.00000000000000
-2.3904382470120	111813.86718750
-2.3804780876494	113060.53125000
-2.3705179282869	114307.18750000
-2.3605577689243	115553.84375000
-2.3505976095618	116800.50000000
-2.3406374501992	118047.16406250
-2.3306772908367	119293.82031250
-2.3207171314741	120540.47656250
-2.3107569721116	121787.13281250
-2.3007968127490	123033.79687500
-2.2908366533865	124280.45312500
-2.2808764940239	125527.10937500
-2.2709163346614	126773.76562500
-2.2609561752988	128020.39843750
-2.2509960159363	129267.05468750
-2.2410358565737	130513.71093750
-2.2310756972112	131760.37500000
-2.2211155378486	133007.03125000
-2.2111553784861	134253.68750000
-2.2011952191235	135259.76562500
-2.1912350597610	134715.85937500
-2.1812749003984	134171.95312500
-2.1713147410359	133628.04687500
-2.1613545816733	133084.14062500
-2.1513944223108	132540.23437500
-2.1414342629482	131996.32812500
-2.1314741035857	131452.42187500
-2.1215139442231	130908.51562500
-2.1115537848606	130364.60937500
-2.1015936254980	129820.71093750
-2.0916334661355	129276.80468750
-2.0816733067729	128732.89843750
-2.0717131474104	128188.99218750
-2.0617529880478	127645.08593750
-2.0517928286853	127101.17968750
-2.0418326693227	126557.27343750
-2.0318725099602	126013.36718750
-2.0219123505976	125469.46093750
-2.0119521912351	124925.55468750
-2.0019920318725	123908.27343750
-1.9920318725100	122584.06250000
-1.9820717131474	121259.84375000
-1.9721115537849	119935.61718750
-1.9621513944223	118611.39062500
-1.9521912350598	117287.16406250
-1.9422310756972	115962.94531250
-1.9322709163347	114638.71875000
-1.9223107569721	113314.49218750
-1.9123505976096	111990.28125000
-1.9023904382470	110666.06250000
-1.8924302788845	109341.83593750
-1.8824701195219	108017.60937500
-1.8725099601594	106693.38281250
-1.8625498007968	105369.16406250
-1.8525896414343	104044.93750000
-1.8426294820717	102720.71093750
-1.8326693227092	101396.50000000
-1.8227091633466	100072.28125000
-1.8127490039841	99043.015625000
-1.8027888446215	101457.40625000
-1.7928286852590	103871.79687500
-1.7828685258964	106286.18750000
-1.7729083665339	108700.57812500
-1.7629482071713	111114.96875000
-1.7529880478088	113529.32812500
-1.7430278884462	115943.71875000
-1.7330677290837	118358.10937500
-1.7231075697211	120772.50000000
-1.7131474103586	123186.89062500
-1.7031872509960	125601.28125000
-1.6932270916335	128015.67187500
-1.6832669322709	130430.06250000
-1.6733067729084	132844.42187500
-1.6633466135458	135258.81250000
-1.6533864541833	137673.20312500
-1.6434262948207	140087.59375000
-1.6334661354582	142501.98437500
-1.6235059760956	144916.37500000
-1.6135458167331	149193.60937500
-1.6035856573705	154987.76562500
-1.5936254980080	160781.84375000
-1.5836653386454	166576.00000000
-1.5737051792829	172370.14062500
-1.5637450199203	178164.29687500
-1.5537848605578	183958.45312500
-1.5438247011952	189752.59375000
-1.5338645418327	195546.75000000
-1.5239043824701	201340.90625000
-1.5139442231076	207135.00000000
-1.5039840637450	212929.14062500
-1.4940239043825	218723.29687500
-1.4840637450199	224517.43750000
-1.4741035856574	230311.59375000
-1.4641434262948	236105.75000000
-1.4541832669323	241899.90625000
-1.4442231075697	247693.98437500
-1.4342629482072	253488.12500000
-1.4243027888446	261632.09375000
-1.4143426294821	272150.96875000
-1.4043824701195	282669.84375000
-1.3944223107570	293188.71875000
-1.3844621513944	303707.59375000
-1.3745019920319	314226.46875000
-1.3645418326693	324745.21875000
-1.3545816733068	335264.06250000
-1.3446215139442	345782.96875000
-1.3346613545817	356301.81250000
-1.3247011952191	366820.68750000
-1.3147410358566	377339.56250000
-1.3047808764940	387858.43750000
-1.2948207171315	398377.31250000
-1.2848605577689	410014.93750000
-1.2749003984064	423146.03125000
-1.2649402390438	436277.12500000
-1.2549800796813	449408.18750000
-1.2450199203187	462539.28125000
-1.2350597609562	475670.37500000
-1.2250996015936	488801.46875000
-1.2151394422311	501932.56250000
-1.2051792828685	515063.50000000
-1.1952191235060	528194.56250000
-1.1852589641434	546693.62500000
-1.1752988047809	565642.62500000
-1.1653386454183	584591.56250000
-1.1553784860558	603540.56250000
-1.1454183266932	622489.50000000
-1.1354581673307	641438.43750000
-1.1254980079681	652282.43750000
-1.1155378486056	655890.81250000
-1.1055776892430	659499.12500000
-1.0956175298805	663107.43750000
-1.0856573705179	664376.18750000
-1.0756972111554	658205.93750000
-1.0657370517928	652035.68750000
-1.0557768924303	672548.56250000
-1.0458167330677	731687.87500000
-1.0358565737052	795808.50000000
-1.0258964143426	867225.25000000
-1.0159362549801	902997.00000000
-1.0059760956175	885931.75000000
-0.99601593625498	847541.06250000
-0.98605577689243	777161.43750000
-0.97609561752988	749786.31250000
-0.96613545816733	788777.50000000
-0.95617529880478	850020.37500000
-0.94621513944223	946599.12500000
-0.93625498007968	1018378.7500000
-0.92629482071713	1049628.0000000
-0.91633466135458	1080877.1250000
-0.90637450199203	1103102.8750000
-0.89641434262948	1117362.2500000
-0.88645418326693	1131621.6250000
-0.87649402390438	1145880.8750000
-0.86653386454183	1159845.6250000
-0.85657370517928	1172662.2500000
-0.84661354581673	1185479.0000000
-0.83665338645418	1198295.6250000
-0.82669322709163	1211112.2500000
-0.81673306772908	1223929.0000000
-0.80677290836653	1236745.6250000
-0.79681274900398	1243747.7500000
-0.78685258964143	1248529.0000000
-0.77689243027888	1253310.2500000
-0.76693227091633	1258091.5000000
-0.75697211155378	1262872.7500000
-0.74701195219124	1267654.0000000
-0.73705179282869	1272435.2500000
-0.72709163346614	1277216.5000000
-0.71713147410359	1281997.7500000
-0.70717131474104	1286546.6250000
-0.69721115537849	1281169.3750000
-0.68725099601594	1275792.0000000
-0.67729083665339	1270414.7500000
-0.66733067729084	1265037.5000000
-0.65737051792829	1259660.1250000
-0.64741035856574	1254282.8750000
-0.63745019920319	1248905.5000000
-0.62749003984064	1243528.2500000
-0.61752988047809	1238150.8750000
-0.60756972111554	1232773.6250000
-0.59760956175299	1227396.2500000
-0.58764940239044	1222019.0000000
-0.57768924302789	1216641.7500000
-0.56772908366534	1211264.3750000
-0.55776892430279	1206193.7500000
-0.54780876494024	1201407.5000000
-0.53784860557769	1196621.2500000
-0.52788844621514	1191835.1250000
-0.51792828685259	1187048.8750000
-0.50796812749004	1182262.7500000
-0.49800796812749	1177476.5000000
-0.48804780876494	1172690.3750000
-0.47808764940239	1167904.1250000
-0.46812749003984	1163117.8750000
-0.45816733067729	1158331.7500000
-0.44820717131474	1153545.5000000
-0.43824701195219	1148759.3750000
-0.42828685258964	1143973.1250000
-0.41832669322709	1139186.8750000
-0.40836653386454	1134400.7500000
-0.39840637450199	1129614.5000000
-0.38844621513944	1124828.3750000
-0.37848605577689	1120042.1250000
-0.36852589641434	1115255.8750000
-0.35856573705179	1086573.6250000
-0.34860557768924	1056423.1250000
-0.33864541832669	1026272.5625000
-0.32868525896414	996122.00000000
-0.31872509960159	965971.50000000
-0.30876494023904	935820.87500000
-0.29880478087649	905670.37500000
-0.28884462151394	875519.75000000
-0.27888446215139	845369.25000000
-0.26892430278884	815218.62500000
-0.25896414342630	785068.12500000
-0.24900398406375	754917.62500000
-0.23904382470120	724767.06250000
-0.22908366533865	694616.50000000
-0.21912350597610	664465.93750000
-0.20916334661355	634315.37500000
-0.19920318725100	604164.87500000
-0.18924302788845	574014.25000000
-0.17928286852590	543863.68750000
-0.16932270916335	513713.18750000
-0.15936254980080	478032.81250000
-0.14940239043825	442316.00000000
-0.13944223107570	406599.21875000
-0.12948207171315	370882.43750000
-0.11952191235060	335165.62500000
-0.10956175298805	299448.84375000
-0.099601593625498	263732.06250000
-0.089641434262948	228015.25000000
-0.079681274900398	192298.46875000
-0.069721115537849	156581.68750000
-0.059760956175299	120864.90625000
-0.049800796812749	85148.093750000
-0.039840637450199	49431.281250000
-0.029880478087649	13714.500000000
-0.019920318725100	-22002.250000000
-0.0099601593625498	-57719.062500000
0.00000000000000	-93435.875000000
0.0099601593625498	-129152.68750000
0.019920318725100	-164869.50000000
0.029880478087649	-200384.67187500
0.039840637450199	-231601.68750000
0.049800796812749	-262818.71875000
0.059760956175299	-294035.75000000
0.069721115537849	-325252.75000000
0.079681274900398	-356469.78125000
0.089641434262948	-387686.78125000
0.099601593625498	-418903.81250000
0.10956175298805	-450120.84375000
0.11952191235060	-481337.84375000
0.12948207171315	-512554.87500000
0.13944223107570	-543771.87500000
0.14940239043825	-574988.93750000
0.15936254980080	-606206.00000000
0.16932270916335	-637423.00000000
0.17928286852590	-668640.00000000
0.18924302788845	-699857.00000000
0.19920318725100	-731074.06250000
0.20916334661355	-762291.06250000
0.21912350597610	-793508.12500000
0.22908366533865	-824101.93750000
0.23904382470120	-848837.25000000
0.24900398406374	-873572.50000000
0.25896414342629	-898307.75000000
0.26892430278884	-923043.00000000
0.27888446215139	-947778.31250000
0.28884462151394	-972513.56250000
0.29880478087649	-997248.87500000
0.30876494023904	-1021984.1250000
0.31872509960159	-1046719.4375000
0.32868525896414	-1071454.6250000
0.33864541832669	-1096190.0000000
0.34860557768924	-1120925.2500000
0.35856573705179	-1145660.5000000
0.36852589641434	-1170395.7500000
0.37848605577689	-1195131.0000000
0.38844621513944	-1219866.2500000
0.39840637450199	-1244601.6250000
0.40836653386454	-1269336.8750000
0.41832669322709	-1294072.2500000
0.42828685258964	-1315483.3750000
0.43824701195219	-1317680.3750000
0.44820717131474	-1319877.2500000
0.45816733067729	-1322074.2500000
0.46812749003984	-1324271.2500000
0.47808764940239	-1326468.1250000
0.48804780876494	-1328665.1250000
0.49800796812749	-1330862.1250000
0.50796812749004	-1333059.0000000
0.51792828685259	-1335256.0000000
0.52788844621514	-1337453.0000000
0.53784860557769	-1339649.8750000
0.54780876494024	-1341846.8750000
0.55776892430279	-1344043.8750000
0.56772908366534	-1346240.7500000
0.57768924302789	-1348437.7500000
0.58764940239044	-1350634.7500000
0.59760956175299	-1352831.7500000
0.60756972111554	-1355028.6250000
0.61752988047809	-1357225.6250000
0.62749003984064	-1357523.2500000
0.63745019920319	-1350167.3750000
0.64741035856574	-1342811.6250000
0.65737051792829	-1335455.8750000
0.66733067729084	-1328100.0000000
0.67729083665339	-1320744.2500000
0.68725099601594	-1313388.5000000
0.69721115537849	-1306032.7500000
0.70717131474104	-1298676.8750000
0.71713147410359	-1291321.1250000
0.72709163346614	-1283965.3750000
0.73705179282869	-1276609.5000000
0.74701195219123	-1269253.7500000
0.75697211155378	-1261898.0000000
0.76693227091633	-1254542.2500000
0.77689243027888	-1247186.3750000
0.78685258964143	-1239830.6250000
0.79681274900398	-1232474.7500000
0.80677290836653	-1225119.0000000
0.81673306772908	-1217763.2500000
0.82669322709163	-1208050.5000000
0.83665338645418	-1191273.3750000
0.84661354581673	-1174496.2500000
0.85657370517928	-1157719.0000000
0.86653386454183	-1140941.7500000
0.87649402390438	-1124164.6250000
0.88645418326693	-1107387.5000000
0.89641434262948	-1090610.2500000
0.90637450199203	-1073833.1250000
0.91633466135458	-1057055.8750000
0.92629482071713	-1040278.8125000
0.93625498007968	-1023501.6250000
0.94621513944223	-1006724.4375000
0.95617529880478	-989947.25000000
0.96613545816733	-973170.12500000
0.97609561752988	-956392.93750000
0.98605577689243	-939615.75000000
0.99601593625498	-922838.50000000
1.0059760956175	-906061.43750000
1.0159362549801	-889284.25000000
1.0258964143426	-871887.68750000
1.0358565737052	-853056.43750000
1.0458167330677	-834225.12500000
1.0557768924303	-815394.12500000
1.0657370517928	-796562.81250000
1.0756972111554	-777731.56250000
1.0856573705179	-758900.25000000
1.0956175298805	-740069.00000000
1.1055776892430	-721237.75000000
1.1155378486056	-702406.43750000
1.1254980079681	-683575.18750000
1.1354581673307	-664744.12500000
1.1454183266932	-645912.87500000
1.1553784860558	-627081.56250000
1.1653386454183	-608250.31250000
1.1752988047809	-589419.06250000
1.1852589641434	-570587.75000000
1.1952191235060	-551756.50000000
1.2051792828685	-532925.25000000
1.2151394422311	-514094.15625000
1.2250996015936	-498060.03125000
1.2350597609562	-487156.06250000
1.2450199203187	-476252.12500000
1.2549800796813	-465348.15625000
1.2649402390438	-454444.21875000
1.2749003984064	-443540.25000000
1.2848605577689	-432636.31250000
1.2948207171315	-421732.46875000
1.3047808764940	-410828.53125000
1.3147410358566	-399924.56250000
1.3247011952191	-389020.62500000
1.3346613545817	-378116.65625000
1.3446215139442	-367212.71875000
1.3545816733068	-356308.75000000
1.3645418326693	-345404.81250000
1.3745019920319	-334501.00000000
1.3844621513944	-323597.03125000
1.3944223107570	-312693.06250000
1.4043824701195	-301789.12500000
1.4143426294821	-290885.18750000
1.4243027888446	-281836.37500000
1.4342629482072	-275522.18750000
1.4442231075697	-269208.03125000
1.4541832669323	-262893.93750000
1.4641434262948	-256579.75000000
1.4741035856574	-250265.57812500
1.4840637450199	-243951.40625000
1.4940239043825	-237637.23437500
1.5039840637450	-231323.06250000
1.5139442231076	-225008.89062500
1.5239043824701	-218694.79687500
1.5338645418327	-212380.62500000
1.5438247011952	-206066.43750000
1.5537848605578	-199752.28125000
1.5637450199203	-193438.09375000
1.5737051792829	-187123.93750000
1.5836653386454	-180809.76562500
1.5936254980080	-174495.59375000
1.6035856573705	-168181.50000000
1.6135458167331	-161867.31250000
1.6235059760956	-157330.37500000
1.6334661354582	-154917.62500000
1.6434262948207	-152504.85937500
1.6533864541833	-150092.09375000
1.6633466135458	-147679.32812500
1.6733067729084	-145266.56250000
1.6832669322709	-142853.82812500
1.6932270916335	-140441.06250000
1.7031872509960	-138028.29687500
1.7131474103586	-135615.53125000
1.7231075697211	-133202.76562500
1.7330677290837	-130790.00000000
1.7430278884462	-128377.23437500
1.7529880478088	-125964.46875000
1.7629482071713	-123551.73437500
1.7729083665339	-121138.96875000
1.7828685258964	-118726.20312500
1.7928286852590	-116313.43750000
1.8027888446215	-113900.67187500
1.8127490039841	-111487.90625000
1.8227091633466	-110072.97656250
1.8326693227092	-109628.77343750
1.8426294820717	-109184.57812500
1.8525896414343	-108740.37500000
1.8625498007968	-108296.17968750
1.8725099601594	-107851.97656250
1.8824701195219	-107407.77343750
1.8924302788845	-106963.57031250
1.9023904382470	-106519.37500000
1.9123505976096	-106075.17187500
1.9223107569721	-105630.97656250
1.9322709163347	-105186.77343750
1.9422310756972	-104742.57031250
1.9521912350598	-104298.37500000
1.9621513944223	-103854.17187500
1.9721115537849	-103409.96875000
1.9820717131474	-102965.76562500
1.9920318725100	-102521.57031250
2.0019920318725	-102077.37500000
2.0119521912351	-101633.17187500
2.0219123505976	-100723.11718750
2.0318725099602	-99444.367187500
2.0418326693227	-98165.625000000
2.0517928286853	-96886.882812500
2.0617529880478	-95608.132812500
2.0717131474104	-94329.390625000
2.0816733067729	-93050.640625000
2.0916334661355	-91771.898437500
2.1015936254980	-90493.156250000
2.1115537848606	-89214.437500000
2.1215139442231	-87935.695312500
2.1314741035857	-86656.953125000
2.1414342629482	-85378.203125000
2.1513944223108	-84099.460937500
2.1613545816733	-82820.718750000
2.1713147410359	-81541.968750000
2.1812749003984	-80263.226562500
2.1912350597610	-78984.484375000
2.2011952191235	-77705.734375000
2.2111553784861	-76426.992187500
2.2211155378486	-76024.140625000
2.2310756972112	-76182.320312500
2.2410358565737	-76340.500000000
2.2509960159363	-76498.679687500
2.2609561752988	-76656.859375000
2.2709163346614	-76815.039062500
2.2808764940239	-76973.218750000
2.2908366533865	-77131.398437500
2.3007968127490	-77289.578125000
2.3107569721116	-77447.757812500
2.3207171314741	-77605.937500000
2.3306772908367	-77764.117187500
2.3406374501992	-77922.304687500
2.3505976095618	-78080.484375000
2.3605577689243	-78238.664062500
2.3705179282869	-78396.843750000
2.3804780876494	-78555.023437500
2.3904382470120	-78713.203125000
2.4003984063745	-78871.382812500
2.4103585657371	-79029.562500000
2.4203187250996	-78093.656250000
2.4302788844622	-76596.437500000
2.4402390438247	-75099.171875000
2.4501992031873	-73601.914062500
2.4601593625498	-72104.656250000
2.4701195219124	-70607.398437500
2.4800796812749	-69110.140625000
2.4900398406374	-67612.882812500
2.5000000000000	-66115.625000000
