#Parameters = {kz=-1; eps0=8.854e-012; rho=0.058284280917442; V=5.719094892935e-008; Q=3.3333333333333e-009; Lx=10; Ly=10; Lz=50; Rx=1.6; Ry=0.53333333333333; Rz=16; iy=0.1}
#"Z / mm"	"E-Field (Es)_Z (Z)_1"
#-------------------------------
-16.000000000000	-268588.81250000
-15.973333333333	-270807.09375000
-15.946666666667	-273025.34375000
-15.920000000000	-275243.65625000
-15.893333333333	-277461.93750000
-15.866666666667	-279680.18750000
-15.840000000000	-281898.50000000
-15.813333333333	-284116.78125000
-15.786666666667	-286335.06250000
-15.760000000000	-288553.34375000
-15.733333333333	-290718.50000000
-15.706666666667	-292851.78125000
-15.680000000000	-294985.06250000
-15.653333333333	-297118.34375000
-15.626666666667	-299251.62500000
-15.600000000000	-301384.90625000
-15.573333333333	-303518.18750000
-15.546666666667	-305651.46875000
-15.520000000000	-307784.78125000
-15.493333333333	-309879.65625000
-15.466666666667	-311859.12500000
-15.440000000000	-313838.59375000
-15.413333333333	-315818.03125000
-15.386666666667	-317797.53125000
-15.360000000000	-319776.96875000
-15.333333333333	-321756.43750000
-15.306666666667	-323735.87500000
-15.280000000000	-325715.37500000
-15.253333333333	-327694.81250000
-15.226666666667	-329500.31250000
-15.200000000000	-331280.90625000
-15.173333333333	-333061.53125000
-15.146666666667	-334842.18750000
-15.120000000000	-336622.78125000
-15.093333333333	-338403.43750000
-15.066666666667	-340184.03125000
-15.040000000000	-341964.65625000
-15.013333333333	-343745.28125000
-14.986666666667	-345415.93750000
-14.960000000000	-346976.59375000
-14.933333333333	-348537.28125000
-14.906666666667	-350097.93750000
-14.880000000000	-351658.62500000
-14.853333333333	-353219.28125000
-14.826666666667	-354779.96875000
-14.800000000000	-356340.65625000
-14.773333333333	-357901.31250000
-14.746666666667	-359434.37500000
-14.720000000000	-360774.03125000
-14.693333333333	-362113.71875000
-14.666666666667	-363453.37500000
-14.640000000000	-364793.06250000
-14.613333333333	-366132.71875000
-14.586666666667	-367472.40625000
-14.560000000000	-368812.06250000
-14.533333333333	-370151.75000000
-14.506666666667	-371491.40625000
-14.480000000000	-372670.96875000
-14.453333333333	-373797.09375000
-14.426666666667	-374923.25000000
-14.400000000000	-376049.40625000
-14.373333333333	-377175.53125000
-14.346666666667	-378301.65625000
-14.320000000000	-379427.81250000
-14.293333333333	-380553.93750000
-14.266666666667	-381680.09375000
-14.240000000000	-382730.40625000
-14.213333333333	-383654.50000000
-14.186666666667	-384578.53125000
-14.160000000000	-385502.59375000
-14.133333333333	-386426.62500000
-14.106666666667	-387350.68750000
-14.080000000000	-388274.75000000
-14.053333333333	-389198.81250000
-14.026666666667	-390122.84375000
-14.000000000000	-391046.90625000
-13.973333333333	-391794.34375000
-13.946666666667	-392541.78125000
-13.920000000000	-393289.18750000
-13.893333333333	-394036.62500000
-13.866666666667	-394784.06250000
-13.840000000000	-395531.50000000
-13.813333333333	-396278.90625000
-13.786666666667	-397026.34375000
-13.760000000000	-397773.78125000
-13.733333333333	-398426.28125000
-13.706666666667	-399021.78125000
-13.680000000000	-399617.31250000
-13.653333333333	-400212.81250000
-13.626666666667	-400808.34375000
-13.600000000000	-401403.87500000
-13.573333333333	-401999.37500000
-13.546666666667	-402594.90625000
-13.520000000000	-403190.37500000
-13.493333333333	-403747.21875000
-13.466666666667	-404187.93750000
-13.440000000000	-404628.68750000
-13.413333333333	-405069.37500000
-13.386666666667	-405510.09375000
-13.360000000000	-405950.81250000
-13.333333333333	-406391.56250000
-13.306666666667	-406832.25000000
-13.280000000000	-407272.96875000
-13.253333333333	-407713.71875000
-13.226666666667	-408019.87500000
-13.200000000000	-408306.81250000
-13.173333333333	-408593.78125000
-13.146666666667	-408880.75000000
-13.120000000000	-409167.71875000
-13.093333333333	-409454.65625000
-13.066666666667	-409741.62500000
-13.040000000000	-410028.59375000
-13.013333333333	-410315.53125000
-12.986666666667	-410543.56250000
-12.960000000000	-410712.62500000
-12.933333333333	-410881.65625000
-12.906666666667	-411050.68750000
-12.880000000000	-411219.75000000
-12.853333333333	-411388.78125000
-12.826666666667	-411557.84375000
-12.800000000000	-411726.90625000
-12.773333333333	-411895.93750000
-12.746666666667	-412055.28125000
-12.720000000000	-412146.62500000
-12.693333333333	-412238.00000000
-12.666666666667	-412329.37500000
-12.640000000000	-412420.75000000
-12.613333333333	-412512.09375000
-12.586666666667	-412603.46875000
-12.560000000000	-412694.81250000
-12.533333333333	-412786.18750000
-12.506666666667	-412877.56250000
-12.480000000000	-412916.15625000
-12.453333333333	-412937.18750000
-12.426666666667	-412958.21875000
-12.400000000000	-412979.25000000
-12.373333333333	-413000.28125000
-12.346666666667	-413021.31250000
-12.320000000000	-413042.34375000
-12.293333333333	-413063.37500000
-12.266666666667	-413084.40625000
-12.240000000000	-413062.03125000
-12.213333333333	-412967.18750000
-12.186666666667	-412872.40625000
-12.160000000000	-412777.56250000
-12.133333333333	-412682.75000000
-12.106666666667	-412587.96875000
-12.080000000000	-412493.12500000
-12.053333333333	-412398.31250000
-12.026666666667	-412303.53125000
-12.000000000000	-412208.68750000
-11.973333333333	-411974.03125000
-11.946666666667	-411739.34375000
-11.920000000000	-411504.68750000
-11.893333333333	-411270.03125000
-11.866666666667	-411035.34375000
-11.840000000000	-410800.68750000
-11.813333333333	-410566.03125000
-11.786666666667	-410331.34375000
-11.760000000000	-410096.68750000
-11.733333333333	-409802.96875000
-11.706666666667	-409473.75000000
-11.680000000000	-409144.56250000
-11.653333333333	-408815.40625000
-11.626666666667	-408486.18750000
-11.600000000000	-408157.00000000
-11.573333333333	-407827.81250000
-11.546666666667	-407498.62500000
-11.520000000000	-407169.40625000
-11.493333333333	-406831.18750000
-11.466666666667	-406465.84375000
-11.440000000000	-406100.53125000
-11.413333333333	-405735.21875000
-11.386666666667	-405369.90625000
-11.360000000000	-405004.59375000
-11.333333333333	-404639.28125000
-11.306666666667	-404273.96875000
-11.280000000000	-403908.65625000
-11.253333333333	-403543.34375000
-11.226666666667	-403186.78125000
-11.200000000000	-402831.50000000
-11.173333333333	-402476.21875000
-11.146666666667	-402120.90625000
-11.120000000000	-401765.62500000
-11.093333333333	-401410.31250000
-11.066666666667	-401055.03125000
-11.040000000000	-400699.68750000
-11.013333333333	-400344.43750000
-10.986666666667	-399994.03125000
-10.960000000000	-399648.53125000
-10.933333333333	-399303.03125000
-10.906666666667	-398957.53125000
-10.880000000000	-398612.06250000
-10.853333333333	-398266.53125000
-10.826666666667	-397921.06250000
-10.800000000000	-397575.56250000
-10.773333333333	-397230.06250000
-10.746666666667	-396873.31250000
-10.720000000000	-396437.59375000
-10.693333333333	-396001.87500000
-10.666666666667	-395566.15625000
-10.640000000000	-395130.43750000
-10.613333333333	-394694.71875000
-10.586666666667	-394259.03125000
-10.560000000000	-393823.31250000
-10.533333333333	-393387.59375000
-10.506666666667	-392951.87500000
-10.480000000000	-392395.37500000
-10.453333333333	-391798.59375000
-10.426666666667	-391201.84375000
-10.400000000000	-390605.06250000
-10.373333333333	-390008.31250000
-10.346666666667	-389411.56250000
-10.320000000000	-388814.78125000
-10.293333333333	-388218.00000000
-10.266666666667	-387621.28125000
-10.240000000000	-386984.34375000
-10.213333333333	-386280.46875000
-10.186666666667	-385576.62500000
-10.160000000000	-384872.75000000
-10.133333333333	-384168.90625000
-10.106666666667	-383465.06250000
-10.080000000000	-382761.18750000
-10.053333333333	-382057.34375000
-10.026666666667	-381353.46875000
-10.000000000000	-380649.62500000
-9.9733333333333	-379912.34375000
-9.9466666666667	-379175.09375000
-9.9200000000000	-378437.84375000
-9.8933333333333	-377700.59375000
-9.8666666666667	-376963.34375000
-9.8400000000000	-376226.06250000
-9.8133333333333	-375488.81250000
-9.7866666666667	-374751.56250000
-9.7600000000000	-374014.28125000
-9.7333333333333	-373275.00000000
-9.7066666666667	-372534.46875000
-9.6800000000000	-371793.96875000
-9.6533333333333	-371053.46875000
-9.6266666666667	-370312.93750000
-9.6000000000000	-369572.43750000
-9.5733333333333	-368831.90625000
-9.5466666666667	-368091.37500000
-9.5200000000000	-367350.87500000
-9.4933333333333	-366613.68750000
-9.4666666666667	-365886.68750000
-9.4400000000000	-365159.68750000
-9.4133333333333	-364432.65625000
-9.3866666666667	-363705.62500000
-9.3600000000000	-362978.62500000
-9.3333333333333	-362251.59375000
-9.3066666666667	-361524.56250000
-9.2800000000000	-360797.56250000
-9.2533333333333	-360070.53125000
-9.2266666666667	-359375.75000000
-9.2000000000000	-358685.53125000
-9.1733333333333	-357995.34375000
-9.1466666666667	-357305.18750000
-9.1200000000000	-356614.96875000
-9.0933333333333	-355924.78125000
-9.0666666666667	-355234.59375000
-9.0400000000000	-354544.37500000
-9.0133333333333	-353854.18750000
-8.9866666666667	-353184.87500000
-8.9600000000000	-352536.37500000
-8.9333333333333	-351887.87500000
-8.9066666666667	-351239.37500000
-8.8800000000000	-350590.90625000
-8.8533333333333	-349942.40625000
-8.8266666666667	-349293.93750000
-8.8000000000000	-348645.43750000
-8.7733333333333	-347996.96875000
-8.7466666666667	-347346.46875000
-8.7200000000000	-346682.00000000
-8.6933333333333	-346017.53125000
-8.6666666666667	-345353.06250000
-8.6400000000000	-344688.59375000
-8.6133333333333	-344024.15625000
-8.5866666666667	-343359.68750000
-8.5600000000000	-342695.21875000
-8.5333333333333	-342030.75000000
-8.5066666666667	-341366.28125000
-8.4800000000000	-340614.78125000
-8.4533333333333	-339834.34375000
-8.4266666666667	-339053.87500000
-8.4000000000000	-338273.40625000
-8.3733333333333	-337492.96875000
-8.3466666666667	-336712.50000000
-8.3200000000000	-335932.03125000
-8.2933333333333	-335151.56250000
-8.2666666666667	-334371.12500000
-8.2400000000000	-333542.12500000
-8.2133333333333	-332632.12500000
-8.1866666666667	-331722.18750000
-8.1600000000000	-330812.21875000
-8.1333333333333	-329902.25000000
-8.1066666666667	-328992.28125000
-8.0800000000000	-328082.34375000
-8.0533333333333	-327172.34375000
-8.0266666666667	-326262.40625000
-8.0000000000000	-325352.40625000
-7.9733333333333	-324363.56250000
-7.9466666666667	-323374.68750000
-7.9200000000000	-322385.81250000
-7.8933333333333	-321396.93750000
-7.8666666666667	-320408.09375000
-7.8400000000000	-319419.21875000
-7.8133333333333	-318430.34375000
-7.7866666666667	-317441.46875000
-7.7600000000000	-316452.59375000
-7.7333333333333	-315429.15625000
-7.7066666666667	-314384.96875000
-7.6800000000000	-313340.75000000
-7.6533333333333	-312296.56250000
-7.6266666666667	-311252.34375000
-7.6000000000000	-310208.15625000
-7.5733333333333	-309163.93750000
-7.5466666666667	-308119.75000000
-7.5200000000000	-307075.56250000
-7.4933333333333	-306026.93750000
-7.4666666666667	-304964.90625000
-7.4400000000000	-303902.87500000
-7.4133333333333	-302840.90625000
-7.3866666666667	-301778.87500000
-7.3600000000000	-300716.84375000
-7.3333333333333	-299654.87500000
-7.3066666666667	-298592.84375000
-7.2800000000000	-297530.84375000
-7.2533333333333	-296468.84375000
-7.2266666666667	-295425.00000000
-7.2000000000000	-294383.81250000
-7.1733333333333	-293342.59375000
-7.1466666666667	-292301.37500000
-7.1200000000000	-291260.15625000
-7.0933333333333	-290218.96875000
-7.0666666666667	-289177.75000000
-7.0400000000000	-288136.53125000
-7.0133333333333	-287095.31250000
-6.9866666666667	-286066.46875000
-6.9600000000000	-285049.96875000
-6.9333333333333	-284033.50000000
-6.9066666666667	-283017.00000000
-6.8800000000000	-282000.46875000
-6.8533333333333	-280983.96875000
-6.8266666666667	-279967.46875000
-6.8000000000000	-278951.00000000
-6.7733333333333	-277934.50000000
-6.7466666666667	-276920.68750000
-6.7200000000000	-275925.93750000
-6.6933333333333	-274931.18750000
-6.6666666666667	-273936.37500000
-6.6400000000000	-272941.62500000
-6.6133333333333	-271946.87500000
-6.5866666666667	-270952.09375000
-6.5600000000000	-269957.34375000
-6.5333333333333	-268962.59375000
-6.5066666666667	-267967.81250000
-6.4800000000000	-266979.90625000
-6.4533333333333	-265994.28125000
-6.4266666666667	-265008.65625000
-6.4000000000000	-264023.03125000
-6.3733333333333	-263037.37500000
-6.3466666666667	-262051.76562500
-6.3200000000000	-261066.15625000
-6.2933333333333	-260080.51562500
-6.2666666666667	-259094.90625000
-6.2400000000000	-258117.85937500
-6.2133333333333	-257155.14062500
-6.1866666666667	-256192.42187500
-6.1600000000000	-255229.71875000
-6.1333333333333	-254267.01562500
-6.1066666666667	-253304.29687500
-6.0800000000000	-252341.59375000
-6.0533333333333	-251378.87500000
-6.0266666666667	-250416.18750000
-6.0000000000000	-249453.46875000
-5.9733333333333	-248557.01562500
-5.9466666666667	-247660.56250000
-5.9200000000000	-246764.12500000
-5.8933333333333	-245867.67187500
-5.8666666666667	-244971.21875000
-5.8400000000000	-244074.76562500
-5.8133333333333	-243178.32812500
-5.7866666666667	-242281.87500000
-5.7600000000000	-241385.42187500
-5.7333333333333	-240530.85937500
-5.7066666666667	-239701.45312500
-5.6800000000000	-238872.06250000
-5.6533333333333	-238042.65625000
-5.6266666666667	-237213.26562500
-5.6000000000000	-236383.84375000
-5.5733333333333	-235554.45312500
-5.5466666666667	-234725.06250000
-5.5200000000000	-233895.65625000
-5.4933333333333	-233064.17187500
-5.4666666666667	-232226.43750000
-5.4400000000000	-231388.68750000
-5.4133333333333	-230550.95312500
-5.3866666666667	-229713.20312500
-5.3600000000000	-228875.46875000
-5.3333333333333	-228037.73437500
-5.3066666666667	-227200.00000000
-5.2800000000000	-226362.26562500
-5.2533333333333	-225524.51562500
-5.2266666666667	-224587.96875000
-5.2000000000000	-223637.34375000
-5.1733333333333	-222686.70312500
-5.1466666666667	-221736.06250000
-5.1200000000000	-220785.42187500
-5.0933333333333	-219834.78125000
-5.0666666666667	-218884.14062500
-5.0400000000000	-217933.51562500
-5.0133333333333	-216982.85937500
-4.9866666666667	-215964.20312500
-4.9600000000000	-214877.48437500
-4.9333333333333	-213790.78125000
-4.9066666666667	-212704.07812500
-4.8800000000000	-211617.35937500
-4.8533333333333	-210530.67187500
-4.8266666666667	-209443.96875000
-4.8000000000000	-208357.25000000
-4.7733333333333	-207270.54687500
-4.7466666666667	-206174.35937500
-4.7200000000000	-205011.96875000
-4.6933333333333	-203849.56250000
-4.6666666666667	-202687.15625000
-4.6400000000000	-201524.75000000
-4.6133333333333	-200362.34375000
-4.5866666666667	-199199.93750000
-4.5600000000000	-198037.54687500
-4.5333333333333	-196875.14062500
-4.5066666666667	-195712.73437500
-4.4800000000000	-194543.18750000
-4.4533333333333	-193371.26562500
-4.4266666666667	-192199.32812500
-4.4000000000000	-191027.39062500
-4.3733333333333	-189855.45312500
-4.3466666666667	-188683.53125000
-4.3200000000000	-187511.60937500
-4.2933333333333	-186339.67187500
-4.2666666666667	-185167.73437500
-4.2400000000000	-184002.71875000
-4.2133333333333	-182849.28125000
-4.1866666666667	-181695.82812500
-4.1600000000000	-180542.39062500
-4.1333333333333	-179388.93750000
-4.1066666666667	-178235.48437500
-4.0800000000000	-177082.03125000
-4.0533333333333	-175928.59375000
-4.0266666666667	-174775.14062500
-4.0000000000000	-173621.70312500
-3.9733333333333	-172478.18750000
-3.9466666666667	-171334.68750000
-3.9200000000000	-170191.18750000
-3.8933333333333	-169047.68750000
-3.8666666666667	-167904.17187500
-3.8400000000000	-166760.65625000
-3.8133333333333	-165617.15625000
-3.7866666666667	-164473.64062500
-3.7600000000000	-163330.14062500
-3.7333333333333	-162181.56250000
-3.7066666666667	-161029.96875000
-3.6800000000000	-159878.35937500
-3.6533333333333	-158726.75000000
-3.6266666666667	-157575.15625000
-3.6000000000000	-156423.53125000
-3.5733333333333	-155271.92187500
-3.5466666666667	-154120.32812500
-3.5200000000000	-152968.71875000
-3.4933333333333	-151808.76562500
-3.4666666666667	-150623.81250000
-3.4400000000000	-149438.85937500
-3.4133333333333	-148253.89062500
-3.3866666666667	-147068.93750000
-3.3600000000000	-145883.98437500
-3.3333333333333	-144699.01562500
-3.3066666666667	-143514.06250000
-3.2800000000000	-142329.10937500
-3.2533333333333	-141144.14062500
-3.2266666666667	-139935.81250000
-3.2000000000000	-138724.14062500
-3.1733333333333	-137512.46875000
-3.1466666666667	-136300.79687500
-3.1200000000000	-135089.10937500
-3.0933333333333	-133877.43750000
-3.0666666666667	-132665.78125000
-3.0400000000000	-131454.09375000
-3.0133333333333	-130242.42187500
-2.9866666666667	-129042.11718750
-2.9600000000000	-127853.16406250
-2.9333333333333	-126664.20312500
-2.9066666666667	-125475.25000000
-2.8800000000000	-124286.30468750
-2.8533333333333	-123097.33593750
-2.8266666666667	-121908.38281250
-2.8000000000000	-120719.42968750
-2.7733333333333	-119530.46875000
-2.7466666666667	-118346.58593750
-2.7200000000000	-117198.14062500
-2.6933333333333	-116049.69531250
-2.6666666666667	-114901.25000000
-2.6400000000000	-113752.81250000
-2.6133333333333	-112604.35937500
-2.5866666666667	-111455.90625000
-2.5600000000000	-110307.46875000
-2.5333333333333	-109159.02343750
-2.5066666666667	-108010.57812500
-2.4800000000000	-106878.89062500
-2.4533333333333	-105752.78906250
-2.4266666666667	-104626.68750000
-2.4000000000000	-103500.58593750
-2.3733333333333	-102374.47656250
-2.3466666666667	-101248.36718750
-2.3200000000000	-100122.27343750
-2.2933333333333	-98996.171875000
-2.2666666666667	-97870.070312500
-2.2400000000000	-96743.734375000
-2.2133333333333	-95617.007812500
-2.1866666666667	-94490.273437500
-2.1600000000000	-93363.546875000
-2.1333333333333	-92236.812500000
-2.1066666666667	-91110.070312500
-2.0800000000000	-89983.343750000
-2.0533333333333	-88856.609375000
-2.0266666666667	-87729.875000000
-2.0000000000000	-86603.148437500
-1.9733333333333	-85443.062500000
-1.9466666666667	-84282.992187500
-1.9200000000000	-83122.906250000
-1.8933333333333	-81962.820312500
-1.8666666666667	-80802.750000000
-1.8400000000000	-79642.671875000
-1.8133333333333	-78482.585937500
-1.7866666666667	-77322.507812500
-1.7600000000000	-76162.421875000
-1.7333333333333	-74979.835937500
-1.7066666666667	-73783.726562500
-1.6800000000000	-72587.617187500
-1.6533333333333	-71391.515625000
-1.6266666666667	-70195.421875000
-1.6000000000000	-68999.320312500
-1.5733333333333	-67803.210937500
-1.5466666666667	-66607.101562500
-1.5200000000000	-65411.003906250
-1.4933333333333	-64218.875000000
-1.4666666666667	-63038.671875000
-1.4400000000000	-61858.468750000
-1.4133333333333	-60678.261718750
-1.3866666666667	-59498.054687500
-1.3600000000000	-58317.855468750
-1.3333333333333	-57137.648437500
-1.3066666666667	-55957.441406250
-1.2800000000000	-54777.238281250
-1.2533333333333	-53597.031250000
-1.2266666666667	-52454.582031250
-1.2000000000000	-51317.527343750
-1.1733333333333	-50180.464843750
-1.1466666666667	-49043.410156250
-1.1200000000000	-47906.351562500
-1.0933333333333	-46769.296875000
-1.0666666666667	-45632.238281250
-1.0400000000000	-44495.175781250
-1.0133333333333	-43358.121093750
-0.98666666666667	-42231.429687500
-0.96000000000000	-41115.105468750
-0.93333333333333	-39998.777343750
-0.90666666666667	-38882.457031250
-0.88000000000000	-37766.128906250
-0.85333333333333	-36649.804687500
-0.82666666666667	-35533.476562500
-0.80000000000000	-34417.156250000
-0.77333333333333	-33300.828125000
-0.74666666666667	-32184.033203125
-0.72000000000000	-31063.951171875
-0.69333333333333	-29943.865234375
-0.66666666666667	-28823.781250000
-0.64000000000000	-27703.697265625
-0.61333333333333	-26583.615234375
-0.58666666666667	-25463.529296875
-0.56000000000000	-24343.447265625
-0.53333333333333	-23223.365234375
-0.50666666666667	-22103.279296875
-0.48000000000000	-20964.386718750
-0.45333333333333	-19819.224609375
-0.42666666666667	-18674.062500000
-0.40000000000000	-17528.898437500
-0.37333333333333	-16383.736328125
-0.34666666666667	-15238.572265625
-0.32000000000000	-14093.410156250
-0.29333333333333	-12948.247070313
-0.26666666666667	-11803.084960938
-0.24000000000000	-10643.699218750
-0.21333333333333	-9460.6103515625
-0.18666666666667	-8277.5195312500
-0.16000000000000	-7094.4296875000
-0.13333333333333	-5911.3398437500
-0.10666666666667	-4728.2500000000
-0.079999999999998	-3545.1596679688
-0.053333333333333	-2362.0698242188
-0.026666666666666	-1178.9797363281
0.00000000000000	4.1105060577393
0.026666666666667	1187.1662597656
0.053333333333335	2370.2221679688
0.080000000000002	3553.2778320313
0.10666666666667	4736.3334960938
0.13333333333333	5919.3896484375
0.16000000000000	7102.4453125000
0.18666666666667	8285.5009765625
0.21333333333333	9468.5566406250
0.24000000000000	10651.612304688
0.26666666666667	11810.932617188
0.29333333333333	12956.008789063
0.32000000000000	14101.085937500
0.34666666666667	15246.164062500
0.37333333333333	16391.242187500
0.40000000000000	17536.318359375
0.42666666666667	18681.396484375
0.45333333333333	19826.474609375
0.48000000000000	20971.550781250
0.50666666666667	22110.339843750
0.53333333333333	23230.271484375
0.56000000000000	24350.199218750
0.58666666666667	25470.128906250
0.61333333333333	26590.060546875
0.64000000000000	27709.988281250
0.66666666666667	28829.919921875
0.69333333333334	29949.847656250
0.72000000000000	31069.777343750
0.74666666666667	32189.708984375
0.77333333333333	33306.351562500
0.80000000000000	34422.531250000
0.82666666666667	35538.707031250
0.85333333333334	36654.886718750
0.88000000000000	37771.062500000
0.90666666666667	38887.242187500
0.93333333333333	40003.417968750
0.96000000000000	41119.593750000
0.98666666666667	42235.773437500
1.0133333333333	43362.351562500
1.0400000000000	44499.332031250
1.0666666666667	45636.312500000
1.0933333333333	46773.289062500
1.1200000000000	47910.269531250
1.1466666666667	49047.246093750
1.1733333333333	50184.226562500
1.2000000000000	51321.207031250
1.2266666666667	52458.187500000
1.2533333333333	53600.558593750
1.2800000000000	54780.714843750
1.3066666666667	55960.863281250
1.3333333333333	57141.019531250
1.3600000000000	58321.171875000
1.3866666666667	59501.320312500
1.4133333333333	60681.472656250
1.4400000000000	61861.628906250
1.4666666666667	63041.781250000
1.4933333333333	64221.929687500
1.5200000000000	65414.007812500
1.5466666666667	66610.046875000
1.5733333333333	67806.101562500
1.6000000000000	69002.148437500
1.6266666666667	70198.187500000
1.6533333333333	71394.242187500
1.6800000000000	72590.281250000
1.7066666666667	73786.335937500
1.7333333333333	74982.375000000
1.7600000000000	76164.882812500
1.7866666666667	77324.812500000
1.8133333333333	78484.750000000
1.8400000000000	79644.679687500
1.8666666666667	80804.617187500
1.8933333333333	81964.546875000
1.9200000000000	83124.484375000
1.9466666666667	84284.414062500
1.9733333333333	85444.351562500
2.0000000000000	86604.281250000
2.0266666666667	87730.835937500
2.0533333333333	88857.390625000
2.0800000000000	89983.937500000
2.1066666666667	91110.492187500
2.1333333333333	92237.046875000
2.1600000000000	93363.601562500
2.1866666666667	94490.156250000
2.2133333333333	95616.703125000
2.2400000000000	96743.257812500
2.2666666666667	97869.460937500
2.2933333333333	98995.453125000
2.3200000000000	100121.44531250
2.3466666666667	101247.44531250
2.3733333333333	102373.43750000
2.4000000000000	103499.44531250
2.4266666666667	104625.43750000
2.4533333333333	105751.42968750
2.4800000000000	106877.42968750
2.5066666666667	108009.00781250
2.5333333333333	109157.34375000
2.5600000000000	110305.67968750
2.5866666666667	111454.00781250
2.6133333333333	112602.34375000
2.6400000000000	113750.69531250
2.6666666666667	114899.02343750
2.6933333333333	116047.36718750
2.7200000000000	117195.69531250
2.7466666666667	118344.02343750
2.7733333333333	119527.71875000
2.8000000000000	120716.46093750
2.8266666666667	121905.20312500
2.8533333333333	123093.93750000
2.8800000000000	124282.69531250
2.9066666666667	125471.42968750
2.9333333333333	126660.17968750
2.9600000000000	127848.91406250
2.9866666666667	129037.65625000
3.0133333333333	130237.72656250
3.0400000000000	131449.10937500
3.0666666666667	132660.51562500
3.0933333333333	133871.89062500
3.1200000000000	135083.28125000
3.1466666666667	136294.68750000
3.1733333333333	137506.07812500
3.2000000000000	138717.46875000
3.2266666666667	139928.85937500
3.2533333333333	141136.90625000
3.2800000000000	142321.57812500
3.3066666666667	143506.25000000
3.3333333333333	144690.93750000
3.3600000000000	145875.60937500
3.3866666666667	147060.31250000
3.4133333333333	148244.98437500
3.4400000000000	149429.67187500
3.4666666666667	150614.34375000
3.4933333333333	151799.03125000
3.5200000000000	152958.65625000
3.5466666666667	154109.95312500
3.5733333333333	155261.25000000
3.6000000000000	156412.53125000
3.6266666666667	157563.84375000
3.6533333333333	158715.12500000
3.6800000000000	159866.42187500
3.7066666666667	161017.70312500
3.7333333333333	162169.00000000
3.7600000000000	163317.31250000
3.7866666666667	164460.59375000
3.8133333333333	165603.89062500
3.8400000000000	166747.17187500
3.8666666666667	167890.46875000
3.8933333333333	169033.76562500
3.9200000000000	170177.04687500
3.9466666666667	171320.34375000
3.9733333333333	172463.64062500
4.0000000000000	173606.92187500
4.0266666666667	174760.25000000
4.0533333333333	175913.56250000
4.0800000000000	177066.89062500
4.1066666666667	178220.21875000
4.1333333333333	179373.53125000
4.1600000000000	180526.85937500
4.1866666666667	181680.18750000
4.2133333333333	182833.50000000
4.2400000000000	183986.82812500
4.2666666666667	185151.68750000
4.2933333333333	186323.42187500
4.3200000000000	187495.15625000
4.3466666666667	188666.89062500
4.3733333333333	189838.62500000
4.4000000000000	191010.35937500
4.4266666666667	192182.09375000
4.4533333333333	193353.84375000
4.4800000000000	194525.57812500
4.5066666666667	195694.90625000
4.5333333333333	196857.07812500
4.5600000000000	198019.23437500
4.5866666666667	199181.40625000
4.6133333333333	200343.54687500
4.6400000000000	201505.71875000
4.6666666666667	202667.87500000
4.6933333333333	203830.04687500
4.7200000000000	204992.20312500
4.7466666666667	206154.37500000
4.7733333333333	207250.39062500
4.8000000000000	208336.92187500
4.8266666666667	209423.46875000
4.8533333333333	210510.00000000
4.8800000000000	211596.54687500
4.9066666666667	212683.10937500
4.9333333333333	213769.64062500
4.9600000000000	214856.18750000
4.9866666666667	215942.71875000
5.0133333333333	216961.28125000
5.0400000000000	217911.85937500
5.0666666666667	218862.45312500
5.0933333333333	219813.03125000
5.1200000000000	220763.60937500
5.1466666666667	221714.20312500
5.1733333333333	222664.76562500
5.2000000000000	223615.35937500
5.2266666666667	224565.93750000
5.2533333333333	225502.42187500
5.2800000000000	226340.06250000
5.3066666666667	227177.71875000
5.3333333333333	228015.35937500
5.3600000000000	228853.01562500
5.3866666666667	229690.67187500
5.4133333333333	230528.31250000
5.4400000000000	231365.96875000
5.4666666666667	232203.60937500
5.4933333333333	233041.26562500
5.5200000000000	233872.71875000
5.5466666666667	234702.09375000
5.5733333333333	235531.50000000
5.6000000000000	236360.87500000
5.6266666666667	237190.28125000
5.6533333333333	238019.65625000
5.6800000000000	238849.03125000
5.7066666666667	239678.43750000
5.7333333333333	240507.81250000
5.7600000000000	241362.40625000
5.7866666666667	242258.96875000
5.8133333333333	243155.51562500
5.8400000000000	244052.06250000
5.8666666666667	244948.60937500
5.8933333333333	245845.15625000
5.9200000000000	246741.70312500
5.9466666666667	247638.26562500
5.9733333333333	248534.81250000
6.0000000000000	249431.34375000
6.0266666666667	250394.26562500
6.0533333333333	251357.18750000
6.0800000000000	252320.09375000
6.1066666666667	253283.00000000
6.1333333333333	254245.92187500
6.1600000000000	255208.84375000
6.1866666666667	256171.75000000
6.2133333333333	257134.67187500
6.2400000000000	258097.59375000
6.2666666666667	259074.93750000
6.2933333333333	260060.93750000
6.3200000000000	261046.92187500
6.3466666666667	262032.90625000
6.3733333333333	263018.87500000
6.4000000000000	264004.90625000
6.4266666666667	264990.90625000
6.4533333333333	265976.87500000
6.4800000000000	266962.87500000
6.5066666666667	267951.15625000
6.5333333333333	268946.25000000
6.5600000000000	269941.37500000
6.5866666666667	270936.46875000
6.6133333333333	271931.56250000
6.6400000000000	272926.68750000
6.6666666666667	273921.78125000
6.6933333333333	274916.87500000
6.7200000000000	275912.00000000
6.7466666666667	276907.09375000
6.7733333333333	277921.25000000
6.8000000000000	278938.09375000
6.8266666666667	279954.90625000
6.8533333333333	280971.75000000
6.8800000000000	281988.59375000
6.9066666666667	283005.43750000
6.9333333333333	284022.28125000
6.9600000000000	285039.09375000
6.9866666666667	286055.93750000
7.0133333333333	287085.25000000
7.0400000000000	288127.00000000
7.0666666666667	289168.78125000
7.0933333333333	290210.53125000
7.1200000000000	291252.31250000
7.1466666666667	292294.09375000
7.1733333333333	293335.84375000
7.2000000000000	294377.62500000
7.2266666666667	295419.40625000
7.2533333333333	296463.87500000
7.2800000000000	297526.87500000
7.3066666666667	298589.87500000
7.3333333333333	299652.90625000
7.3600000000000	300715.90625000
7.3866666666667	301778.90625000
7.4133333333333	302841.93750000
7.4400000000000	303904.93750000
7.4666666666667	304967.93750000
7.4933333333333	306030.96875000
7.5200000000000	307080.93750000
7.5466666666667	308126.56250000
7.5733333333333	309172.21875000
7.6000000000000	310217.84375000
7.6266666666667	311263.46875000
7.6533333333333	312309.09375000
7.6800000000000	313354.75000000
7.7066666666667	314400.37500000
7.7333333333333	315446.00000000
7.7600000000000	316470.90625000
7.7866666666667	317461.25000000
7.8133333333333	318451.59375000
7.8400000000000	319441.90625000
7.8666666666667	320432.21875000
7.8933333333333	321422.56250000
7.9200000000000	322412.90625000
7.9466666666667	323403.21875000
7.9733333333333	324393.56250000
8.0000000000000	325383.87500000
8.0266666666667	326295.12500000
8.0533333333333	327206.40625000
8.0800000000000	328117.62500000
8.1066666666667	329028.87500000
8.1333333333333	329940.12500000
8.1600000000000	330851.37500000
8.1866666666667	331762.62500000
8.2133333333333	332673.84375000
8.2400000000000	333585.09375000
8.2666666666667	334415.37500000
8.2933333333333	335197.06250000
8.3200000000000	335978.75000000
8.3466666666667	336760.46875000
8.3733333333333	337542.15625000
8.4000000000000	338323.84375000
8.4266666666667	339105.53125000
8.4533333333333	339887.21875000
8.4800000000000	340668.93750000
8.5066666666667	341421.59375000
8.5333333333333	342087.00000000
8.5600000000000	342752.43750000
8.5866666666667	343417.87500000
8.6133333333333	344083.31250000
8.6400000000000	344748.71875000
8.6666666666667	345414.18750000
8.6933333333333	346079.62500000
8.7200000000000	346745.03125000
8.7466666666667	347410.46875000
8.7733333333333	348061.50000000
8.8000000000000	348710.53125000
8.8266666666667	349359.50000000
8.8533333333333	350008.50000000
8.8800000000000	350657.46875000
8.9066666666667	351306.50000000
8.9333333333333	351955.50000000
8.9600000000000	352604.46875000
8.9866666666667	353253.46875000
9.0133333333333	353923.12500000
9.0400000000000	354613.43750000
9.0666666666667	355303.75000000
9.0933333333333	355994.09375000
9.1200000000000	356684.40625000
9.1466666666667	357374.71875000
9.1733333333333	358065.03125000
9.2000000000000	358755.34375000
9.2266666666667	359445.68750000
9.2533333333333	360140.53125000
9.2800000000000	360867.25000000
9.3066666666667	361593.96875000
9.3333333333333	362320.68750000
9.3600000000000	363047.37500000
9.3866666666667	363774.09375000
9.4133333333333	364500.81250000
9.4400000000000	365227.53125000
9.4666666666667	365954.25000000
9.4933333333333	366680.93750000
9.5200000000000	367417.43750000
9.5466666666667	368157.12500000
9.5733333333333	368896.81250000
9.6000000000000	369636.50000000
9.6266666666667	370376.21875000
9.6533333333333	371115.90625000
9.6800000000000	371855.59375000
9.7066666666667	372595.28125000
9.7333333333333	373335.00000000
9.7600000000000	374073.31250000
9.7866666666667	374809.28125000
9.8133333333333	375545.28125000
9.8400000000000	376281.28125000
9.8666666666667	377017.25000000
9.8933333333333	377753.21875000
9.9200000000000	378489.21875000
9.9466666666667	379225.21875000
9.9733333333333	379961.18750000
10.000000000000	380697.18750000
10.026666666667	381399.37500000
10.053333333333	382101.56250000
10.080000000000	382803.75000000
10.106666666667	383505.93750000
10.133333333333	384208.09375000
10.160000000000	384910.28125000
10.186666666667	385612.46875000
10.213333333333	386314.65625000
10.240000000000	387016.84375000
10.266666666667	387651.87500000
10.293333333333	388246.59375000
10.320000000000	388841.34375000
10.346666666667	389436.09375000
10.373333333333	390030.81250000
10.400000000000	390625.56250000
10.426666666667	391220.31250000
10.453333333333	391815.06250000
10.480000000000	392409.81250000
10.506666666667	392964.25000000
10.533333333333	393397.87500000
10.560000000000	393831.43750000
10.586666666667	394265.03125000
10.613333333333	394698.59375000
10.640000000000	395132.21875000
10.666666666667	395565.81250000
10.693333333333	395999.37500000
10.720000000000	396433.00000000
10.746666666667	396866.56250000
10.773333333333	397221.37500000
10.800000000000	397564.96875000
10.826666666667	397908.59375000
10.853333333333	398252.15625000
10.880000000000	398595.75000000
10.906666666667	398939.31250000
10.933333333333	399282.90625000
10.960000000000	399626.50000000
10.986666666667	399970.06250000
11.013333333333	400319.12500000
11.040000000000	400673.62500000
11.066666666667	401028.12500000
11.093333333333	401382.62500000
11.120000000000	401737.12500000
11.146666666667	402091.62500000
11.173333333333	402446.12500000
11.200000000000	402800.62500000
11.226666666667	403155.12500000
11.253333333333	403511.31250000
11.280000000000	403879.31250000
11.306666666667	404247.28125000
11.333333333333	404615.28125000
11.360000000000	404983.28125000
11.386666666667	405351.28125000
11.413333333333	405719.28125000
11.440000000000	406087.25000000
11.466666666667	406455.25000000
11.493333333333	406823.25000000
11.520000000000	407167.50000000
11.546666666667	407503.81250000
11.573333333333	407840.12500000
11.600000000000	408176.43750000
11.626666666667	408512.75000000
11.653333333333	408849.06250000
11.680000000000	409185.37500000
11.706666666667	409521.68750000
11.733333333333	409858.00000000
11.760000000000	410159.03125000
11.786666666667	410401.18750000
11.813333333333	410643.37500000
11.840000000000	410885.53125000
11.866666666667	411127.71875000
11.893333333333	411369.90625000
11.920000000000	411612.06250000
11.946666666667	411854.21875000
11.973333333333	412096.40625000
12.000000000000	412338.56250000
12.026666666667	412436.56250000
12.053333333333	412534.53125000
12.080000000000	412632.50000000
12.106666666667	412730.46875000
12.133333333333	412828.43750000
12.160000000000	412926.43750000
12.186666666667	413024.37500000
12.213333333333	413122.37500000
12.240000000000	413220.31250000
12.266666666667	413243.46875000
12.293333333333	413221.71875000
12.320000000000	413199.93750000
12.346666666667	413178.15625000
12.373333333333	413156.40625000
12.400000000000	413134.62500000
12.426666666667	413112.90625000
12.453333333333	413091.12500000
12.480000000000	413069.37500000
12.506666666667	413029.84375000
12.533333333333	412936.96875000
12.560000000000	412844.15625000
12.586666666667	412751.31250000
12.613333333333	412658.46875000
12.640000000000	412565.62500000
12.666666666667	412472.81250000
12.693333333333	412379.96875000
12.720000000000	412287.12500000
12.746666666667	412194.31250000
12.773333333333	412032.68750000
12.800000000000	411861.21875000
12.826666666667	411689.78125000
12.853333333333	411518.34375000
12.880000000000	411346.87500000
12.906666666667	411175.43750000
12.933333333333	411003.96875000
12.960000000000	410832.53125000
12.986666666667	410661.09375000
13.013333333333	410429.40625000
13.040000000000	410137.43750000
13.066666666667	409845.50000000
13.093333333333	409553.53125000
13.120000000000	409261.59375000
13.146666666667	408969.62500000
13.173333333333	408677.68750000
13.200000000000	408385.75000000
13.226666666667	408093.78125000
13.253333333333	407782.50000000
13.280000000000	407335.75000000
13.306666666667	406889.00000000
13.333333333333	406442.28125000
13.360000000000	405995.53125000
13.386666666667	405548.78125000
13.413333333333	405102.06250000
13.440000000000	404655.31250000
13.466666666667	404208.59375000
13.493333333333	403761.84375000
13.520000000000	403199.90625000
13.546666666667	402599.56250000
13.573333333333	401999.21875000
13.600000000000	401398.90625000
13.626666666667	400798.56250000
13.653333333333	400198.21875000
13.680000000000	399597.87500000
13.706666666667	398997.56250000
13.733333333333	398397.18750000
13.760000000000	397740.46875000
13.786666666667	396989.68750000
13.813333333333	396238.96875000
13.840000000000	395488.18750000
13.866666666667	394737.43750000
13.893333333333	393986.68750000
13.920000000000	393235.93750000
13.946666666667	392485.18750000
13.973333333333	391734.43750000
14.000000000000	390983.68750000
14.026666666667	390057.53125000
14.053333333333	389131.37500000
14.080000000000	388205.21875000
14.106666666667	387279.06250000
14.133333333333	386352.93750000
14.160000000000	385426.78125000
14.186666666667	384500.62500000
14.213333333333	383574.46875000
14.240000000000	382648.34375000
14.266666666667	381596.53125000
14.293333333333	380469.37500000
14.320000000000	379342.21875000
14.346666666667	378215.03125000
14.373333333333	377087.90625000
14.400000000000	375960.71875000
14.426666666667	374833.53125000
14.453333333333	373706.40625000
14.480000000000	372579.21875000
14.506666666667	371398.84375000
14.533333333333	370059.00000000
14.560000000000	368719.21875000
14.586666666667	367379.37500000
14.613333333333	366039.53125000
14.640000000000	364699.68750000
14.666666666667	363359.87500000
14.693333333333	362020.03125000
14.720000000000	360680.18750000
14.746666666667	359340.37500000
14.773333333333	357807.78125000
14.800000000000	356247.65625000
14.826666666667	354687.56250000
14.853333333333	353127.46875000
14.880000000000	351567.31250000
14.906666666667	350007.21875000
14.933333333333	348447.09375000
14.960000000000	346886.96875000
14.986666666667	345326.84375000
15.013333333333	343657.00000000
15.040000000000	341877.40625000
15.066666666667	340097.81250000
15.093333333333	338318.21875000
15.120000000000	336538.59375000
15.146666666667	334759.00000000
15.173333333333	332979.40625000
15.200000000000	331199.78125000
15.226666666667	329420.18750000
15.253333333333	327615.78125000
15.280000000000	325637.53125000
15.306666666667	323659.25000000
15.333333333333	321681.03125000
15.360000000000	319702.78125000
15.386666666667	317724.53125000
15.413333333333	315746.28125000
15.440000000000	313768.03125000
15.466666666667	311789.78125000
15.493333333333	309811.53125000
15.520000000000	307717.84375000
15.546666666667	305585.75000000
15.573333333333	303453.68750000
15.600000000000	301321.59375000
15.626666666667	299189.53125000
15.653333333333	297057.43750000
15.680000000000	294925.37500000
15.706666666667	292793.28125000
15.733333333333	290661.21875000
15.760000000000	288497.18750000
15.786666666667	286279.93750000
15.813333333333	284062.68750000
15.840000000000	281845.43750000
15.866666666667	279628.18750000
15.893333333333	277410.93750000
15.920000000000	275193.68750000
15.946666666667	272976.43750000
15.973333333333	270759.18750000
16.000000000000	268541.93750000
