OPTIONS 	COULOMB
SOLENOID 0.09	1.0	0
BEAM 90	180	EQ	0.05	0.0001	EQ
CURRENT 0.40	1000	1.00	1.192	0.002
POWER 4.5	2856	0.00
CELL 90	0.465	203.000	0.011460	0.139169
CELL 90	0.490	217.000	0.010443	0.138547
CELL 90	0.550	240.000	0.008313	0.134341
CELL 90	0.620	280.000	0.006228	0.129017
CELL 90	0.695	339.000	0.006379	0.120289
CELL 90	0.765	389.000	0.006828	0.114874
CELL 90	0.835	412.000	0.006403	0.113605
CELL 90	0.905	427.000	0.006060	0.113226
CELL 90	0.960	440.000	0.005802	0.112845
CELL 90	0.985	451.000	0.005787	0.112132
CELL 90	0.995	464.000	0.005958	0.110914
CELL 90	0.998	480.000	0.006259	0.109232
CELL 90	0.999	497.000	0.006600	0.107402
CELL 90	0.999	515.000	0.006973	0.105442
CELL 90	0.999	535.000	0.007387	0.103264
CELL 90	0.999	557.000	0.007841	0.100873
CELL 90	0.999	582.000	0.008358	0.098158
CELL 90	0.999	615.000	0.008772	0.095977
CELL 90	0.999	655.000	0.009171	0.093877
CELL 90	0.999	695.000	0.009571	0.091776
CELL 90	0.999	720.000	0.009820	0.090464
CELL 90	0.999	730.000	0.009920	0.089939
CELLS 29	90	0.999	735.000	0.009970	0.089676
END
